# Created by Octave 5.2.0, Mon Apr 20 08:24:17 2026 GMT <unknown@JulianLaptop2>
# name: TouchDetails
# type: scalar struct
# ndims: 2
 1 1
# length: 20
# name: piSourcefilename
# type: sq_string
# elements: 1
# length: 37
C:\Users\jools\Desktop\york\york1.wav


# name: piRingingdatetime
# type: sq_string
# elements: 1
# length: 13
20260419-1431


# name: piTower
# type: sq_string
# elements: 1
# length: 12
York Minster


# name: piRingingname
# type: sq_string
# elements: 1
# length: 5
York1


# name: piStdev
# type: scalar
36.004102853608124


# name: piStdevpercentStr
# type: sq_string
# elements: 1
# length: 4
15.3


# name: piStdevPct
# type: scalar
15.284101277807647


# name: piTouchlength
# type: scalar
252


# name: piPiecelength
# type: scalar
276


# name: piTouchDuration
# type: sq_string
# elements: 1
# length: 15
12 mins 22 secs


# name: piPieceDuration
# type: sq_string
# elements: 1
# length: 15
13 mins 34 secs


# name: piMethod
# type: sq_string
# elements: 1
# length: 15
Stedman Cinques


# name: piPealSpeed
# type: scalar struct
# ndims: 2
 1 1
# length: 2
# name: string
# type: sq_string
# elements: 1
# length: 12
4 hrs 7 mins


# name: numeric
# type: scalar
14835930.023788732




# name: piNBells
# type: scalar
12


# name: piRowsBadInPiece
# type: scalar
4


# name: piTouchFaults
# type: scalar struct
# ndims: 2
 1 1
# length: 2
# name: count
# type: scalar struct
# ndims: 2
 1 1
# length: 3
# name: hand
# type: scalar
141


# name: back
# type: scalar
163


# name: all
# type: scalar
304




# name: mean
# type: scalar struct
# ndims: 2
 1 1
# length: 3
# name: hand
# type: scalar
27.734469693415175


# name: back
# type: scalar
28.955198412346075


# name: all
# type: scalar
28.246674969267122






# name: piExpstring
# type: sq_string
# elements: 0


# name: piRungon
# type: sq_string
# elements: 1
# length: 6
All 12


# name: piTenor
# type: sq_string
# elements: 1
# length: 2
12


# name: piNumBellsRinging
# type: sq_string
# elements: 1
# length: 2
12




