# Created by Octave 5.2.0, Sun May 31 08:58:54 2026 GMT <unknown@JulianLaptop2>
# name: TouchDetails
# type: scalar struct
# ndims: 2
 1 1
# length: 20
# name: piSourcefilename
# type: sq_string
# elements: 1
# length: 91
C:\Program Files (x86)\Ringing Software\hawkear_files\touches\redcliffe\20260531_touch1.wav


# name: piRingingdatetime
# type: sq_string
# elements: 1
# length: 13
20260531-0858


# name: piTower
# type: sq_string
# elements: 1
# length: 26
St Mary Redcliffe, Bristol


# name: piRingingname
# type: sq_string
# elements: 1
# length: 15
20260531 touch1


# name: piStdev
# type: scalar
26.106315230038941


# name: piStdevpercentStr
# type: sq_string
# elements: 1
# length: 4
12.1


# name: piStdevPct
# type: scalar
12.117267949021157


# name: piTouchlength
# type: scalar
252


# name: piPiecelength
# type: scalar
280


# name: piTouchDuration
# type: sq_string
# elements: 1
# length: 15
11 mins 15 secs


# name: piPieceDuration
# type: sq_string
# elements: 1
# length: 15
12 mins 31 secs


# name: piMethod
# type: sq_string
# elements: 1
# length: 15
Stedman Cinques


# name: piPealSpeed
# type: scalar struct
# ndims: 2
 1 1
# length: 2
# name: string
# type: sq_string
# elements: 1
# length: 13
3 hrs 45 mins


# name: numeric
# type: scalar
13494954.56334544




# name: piNBells
# type: scalar
12


# name: piRowsBadInPiece
# type: scalar
1


# name: piTouchFaults
# type: scalar struct
# ndims: 2
 1 1
# length: 2
# name: count
# type: scalar struct
# ndims: 2
 1 1
# length: 3
# name: hand
# type: scalar
60


# name: back
# type: scalar
68


# name: all
# type: scalar
128




# name: mean
# type: scalar struct
# ndims: 2
 1 1
# length: 3
# name: hand
# type: scalar
19.872469629009274


# name: back
# type: scalar
20.952249041170912


# name: all
# type: scalar
20.623201783494743






# name: piExpstring
# type: sq_string
# elements: 0


# name: piRungon
# type: string
# elements: 0


# name: piTenor
# type: sq_string
# elements: 1
# length: 2
12


# name: piNumBellsRinging
# type: sq_string
# elements: 1
# length: 2
12




