# Created by Octave 5.2.0, Sun Apr 12 16:17:07 2026 GMT <unknown@JulianLaptop2>
# name: TouchDetails
# type: scalar struct
# ndims: 2
 1 1
# length: 20
# name: piSourcefilename
# type: sq_string
# elements: 1
# length: 91
C:\Program Files (x86)\Ringing Software\hawkear_files\touches\redcliffe\20260412_touch1.wav


# name: piRingingdatetime
# type: sq_string
# elements: 1
# length: 13
20260412-1616


# name: piTower
# type: sq_string
# elements: 1
# length: 26
St Mary Redcliffe, Bristol


# name: piRingingname
# type: sq_string
# elements: 1
# length: 15
20260412 touch1


# name: piStdev
# type: scalar
31.098817543814793


# name: piStdevpercentStr
# type: sq_string
# elements: 1
# length: 4
14.6


# name: piStdevPct
# type: scalar
14.607844053583174


# name: piTouchlength
# type: scalar
252


# name: piPiecelength
# type: scalar
290


# name: piTouchDuration
# type: sq_string
# elements: 1
# length: 14
11 mins 8 secs


# name: piPieceDuration
# type: sq_string
# elements: 1
# length: 15
12 mins 53 secs


# name: piMethod
# type: sq_string
# elements: 1
# length: 15
Stedman Cinques


# name: piPealSpeed
# type: scalar struct
# ndims: 2
 1 1
# length: 2
# name: string
# type: sq_string
# elements: 1
# length: 13
3 hrs 43 mins


# name: numeric
# type: scalar
13365249.706453802




# name: piNBells
# type: scalar
12


# name: piRowsBadInPiece
# type: scalar
9


# name: piTouchFaults
# type: scalar struct
# ndims: 2
 1 1
# length: 2
# name: count
# type: scalar struct
# ndims: 2
 1 1
# length: 3
# name: hand
# type: scalar
99


# name: back
# type: scalar
105


# name: all
# type: scalar
204




# name: mean
# type: scalar struct
# ndims: 2
 1 1
# length: 3
# name: hand
# type: scalar
21.816173937641299


# name: back
# type: scalar
23.020601838618933


# name: all
# type: scalar
22.932922927895678






# name: piExpstring
# type: sq_string
# elements: 0


# name: piRungon
# type: string
# elements: 0


# name: piTenor
# type: sq_string
# elements: 1
# length: 2
12


# name: piNumBellsRinging
# type: sq_string
# elements: 1
# length: 2
12




