# Created by Octave 5.2.0, Sun Mar 08 18:13:56 2026 GMT <unknown@JulianLaptop2>
# name: TouchDetails
# type: scalar struct
# ndims: 2
 1 1
# length: 20
# name: piSourcefilename
# type: sq_string
# elements: 1
# length: 91
C:\Program Files (x86)\Ringing Software\hawkear_files\touches\redcliffe\20260308_touch2.wav


# name: piRingingdatetime
# type: sq_string
# elements: 1
# length: 13
20260308-1808


# name: piTower
# type: sq_string
# elements: 1
# length: 26
St Mary Redcliffe, Bristol


# name: piRingingname
# type: sq_string
# elements: 1
# length: 15
20260308 touch2


# name: piStdev
# type: scalar
27.63592421991963


# name: piStdevpercentStr
# type: sq_string
# elements: 1
# length: 4
12.3


# name: piStdevPct
# type: scalar
12.267155835098942


# name: piTouchlength
# type: scalar
146


# name: piPiecelength
# type: scalar
174


# name: piTouchDuration
# type: sq_string
# elements: 1
# length: 14
6 mins 49 secs


# name: piPieceDuration
# type: sq_string
# elements: 1
# length: 13
8 mins 8 secs


# name: piMethod
# type: sq_string
# elements: 1
# length: 15
Stedman Cinques


# name: piPealSpeed
# type: scalar struct
# ndims: 2
 1 1
# length: 2
# name: string
# type: sq_string
# elements: 1
# length: 13
3 hrs 55 mins


# name: numeric
# type: scalar
14127174.418672785




# name: piNBells
# type: scalar
12


# name: piRowsBadInPiece
# type: scalar
0


# name: piTouchFaults
# type: scalar struct
# ndims: 2
 1 1
# length: 2
# name: count
# type: scalar struct
# ndims: 2
 1 1
# length: 3
# name: hand
# type: scalar
49


# name: back
# type: scalar
22


# name: all
# type: scalar
71




# name: mean
# type: scalar struct
# ndims: 2
 1 1
# length: 3
# name: hand
# type: scalar
23.809837096039022


# name: back
# type: scalar
19.673319656637375


# name: all
# type: scalar
22.017286163210542






# name: piExpstring
# type: sq_string
# elements: 0


# name: piRungon
# type: string
# elements: 0


# name: piTenor
# type: sq_string
# elements: 1
# length: 2
12


# name: piNumBellsRinging
# type: sq_string
# elements: 1
# length: 2
12




