# Created by Octave 5.2.0, Mon Jul 13 09:26:07 2026 GMT <unknown@JulianLaptop2>
# name: TouchDetails
# type: scalar struct
# ndims: 2
 1 1
# length: 20
# name: piSourcefilename
# type: sq_string
# elements: 1
# length: 91
C:\Program Files (x86)\Ringing Software\hawkear_files\touches\redcliffe\20260712_touch3.wav


# name: piRingingdatetime
# type: sq_string
# elements: 1
# length: 13
20260713-0921


# name: piTower
# type: sq_string
# elements: 1
# length: 26
St Mary Redcliffe, Bristol


# name: piRingingname
# type: sq_string
# elements: 1
# length: 15
20260712 touch3


# name: piStdev
# type: scalar
27.258439133050494


# name: piStdevpercentStr
# type: sq_string
# elements: 1
# length: 4
12.1


# name: piStdevPct
# type: scalar
12.076056205918373


# name: piTouchlength
# type: scalar
288


# name: piPiecelength
# type: scalar
324


# name: piTouchDuration
# type: sq_string
# elements: 1
# length: 15
13 mins 27 secs


# name: piPieceDuration
# type: sq_string
# elements: 1
# length: 14
15 mins 8 secs


# name: piMethod
# type: sq_string
# elements: 1
# length: 26
Cambridge Surprise Maximus


# name: piPealSpeed
# type: scalar struct
# ndims: 2
 1 1
# length: 2
# name: string
# type: sq_string
# elements: 1
# length: 13
3 hrs 55 mins


# name: numeric
# type: scalar
14121012.76334629




# name: piNBells
# type: scalar
12


# name: piRowsBadInPiece
# type: scalar
2


# name: piTouchFaults
# type: scalar struct
# ndims: 2
 1 1
# length: 2
# name: count
# type: scalar struct
# ndims: 2
 1 1
# length: 3
# name: hand
# type: scalar
70


# name: back
# type: scalar
65


# name: all
# type: scalar
135




# name: mean
# type: scalar struct
# ndims: 2
 1 1
# length: 3
# name: hand
# type: scalar
21.666307103251604


# name: back
# type: scalar
21.354220873242959


# name: all
# type: scalar
21.379960037885827






# name: piExpstring
# type: sq_string
# elements: 0


# name: piRungon
# type: string
# elements: 0


# name: piTenor
# type: sq_string
# elements: 1
# length: 2
12


# name: piNumBellsRinging
# type: sq_string
# elements: 1
# length: 2
12




