# Created by Octave 5.2.0, Tue Jan 20 13:42:54 2026 GMT <unknown@JulianLaptop2>
# name: TouchDetails
# type: scalar struct
# ndims: 2
 1 1
# length: 20
# name: piSourcefilename
# type: sq_string
# elements: 1
# length: 91
C:\Program Files (x86)\Ringing Software\hawkear_files\touches\redcliffe\20260118_touch1.wav


# name: piRingingdatetime
# type: sq_string
# elements: 1
# length: 13
20260118-0854


# name: piTower
# type: sq_string
# elements: 1
# length: 26
St Mary Redcliffe, Bristol


# name: piRingingname
# type: sq_string
# elements: 1
# length: 15
20260118 touch1


# name: piStdev
# type: scalar
29.763586953513474


# name: piStdevpercentStr
# type: sq_string
# elements: 1
# length: 4
13.7


# name: piStdevPct
# type: scalar
13.672848721965659


# name: piTouchlength
# type: scalar
269


# name: piPiecelength
# type: scalar
298


# name: piTouchDuration
# type: sq_string
# elements: 1
# length: 14
12 mins 8 secs


# name: piPieceDuration
# type: sq_string
# elements: 1
# length: 15
13 mins 28 secs


# name: piMethod
# type: sq_string
# elements: 1
# length: 15
Stedman Cinques


# name: piPealSpeed
# type: scalar struct
# ndims: 2
 1 1
# length: 2
# name: string
# type: sq_string
# elements: 1
# length: 13
3 hrs 47 mins


# name: numeric
# type: scalar
13647770.989216836




# name: piNBells
# type: scalar
12


# name: piRowsBadInPiece
# type: scalar
4


# name: piTouchFaults
# type: scalar struct
# ndims: 2
 1 1
# length: 2
# name: count
# type: scalar struct
# ndims: 2
 1 1
# length: 3
# name: hand
# type: scalar
129


# name: back
# type: scalar
67


# name: all
# type: scalar
196




# name: mean
# type: scalar struct
# ndims: 2
 1 1
# length: 3
# name: hand
# type: scalar
24.781044126418333


# name: back
# type: scalar
22.047516151425974


# name: all
# type: scalar
23.460904697437716






# name: piExpstring
# type: sq_string
# elements: 0


# name: piRungon
# type: string
# elements: 0


# name: piTenor
# type: sq_string
# elements: 1
# length: 2
12


# name: piNumBellsRinging
# type: sq_string
# elements: 1
# length: 2
12




