# Created by Octave 5.2.0, Sun Mar 08 18:13:15 2026 GMT <unknown@JulianLaptop2>
# name: TouchDetails
# type: scalar struct
# ndims: 2
 1 1
# length: 20
# name: piSourcefilename
# type: sq_string
# elements: 1
# length: 91
C:\Program Files (x86)\Ringing Software\hawkear_files\touches\redcliffe\20260308_touch1.wav


# name: piRingingdatetime
# type: sq_string
# elements: 1
# length: 13
20260308-1618


# name: piTower
# type: sq_string
# elements: 1
# length: 26
St Mary Redcliffe, Bristol


# name: piRingingname
# type: sq_string
# elements: 1
# length: 15
20260308 touch1


# name: piStdev
# type: scalar
26.804311933449732


# name: piStdevpercentStr
# type: sq_string
# elements: 1
# length: 4
12.1


# name: piStdevPct
# type: scalar
12.054394540400994


# name: piTouchlength
# type: scalar
269


# name: piPiecelength
# type: scalar
300


# name: piTouchDuration
# type: sq_string
# elements: 1
# length: 15
12 mins 25 secs


# name: piPieceDuration
# type: sq_string
# elements: 1
# length: 15
13 mins 51 secs


# name: piMethod
# type: sq_string
# elements: 1
# length: 15
Stedman Cinques


# name: piPealSpeed
# type: scalar struct
# ndims: 2
 1 1
# length: 2
# name: string
# type: sq_string
# elements: 1
# length: 13
3 hrs 52 mins


# name: numeric
# type: scalar
13949114.326729598




# name: piNBells
# type: scalar
12


# name: piRowsBadInPiece
# type: scalar
2


# name: piTouchFaults
# type: scalar struct
# ndims: 2
 1 1
# length: 2
# name: count
# type: scalar struct
# ndims: 2
 1 1
# length: 3
# name: hand
# type: scalar
73


# name: back
# type: scalar
50


# name: all
# type: scalar
123




# name: mean
# type: scalar struct
# ndims: 2
 1 1
# length: 3
# name: hand
# type: scalar
22.130884165184298


# name: back
# type: scalar
20.356103984006079


# name: all
# type: scalar
21.400190763488308






# name: piExpstring
# type: sq_string
# elements: 0


# name: piRungon
# type: string
# elements: 0


# name: piTenor
# type: sq_string
# elements: 1
# length: 2
12


# name: piNumBellsRinging
# type: sq_string
# elements: 1
# length: 2
12




