# Created by Octave 5.2.0, Sun May 31 09:14:22 2026 GMT <unknown@JulianLaptop2>
# name: TouchDetails
# type: scalar struct
# ndims: 2
 1 1
# length: 20
# name: piSourcefilename
# type: sq_string
# elements: 1
# length: 91
C:\Program Files (x86)\Ringing Software\hawkear_files\touches\redcliffe\20260531_touch2.wav


# name: piRingingdatetime
# type: sq_string
# elements: 1
# length: 13
20260531-0913


# name: piTower
# type: sq_string
# elements: 1
# length: 26
St Mary Redcliffe, Bristol


# name: piRingingname
# type: sq_string
# elements: 1
# length: 15
20260531 touch2


# name: piStdev
# type: scalar
24.598345268507703


# name: piStdevpercentStr
# type: sq_string
# elements: 1
# length: 4
11.3


# name: piStdevPct
# type: scalar
11.308958897472857


# name: piTouchlength
# type: scalar
252


# name: piPiecelength
# type: scalar
284


# name: piTouchDuration
# type: sq_string
# elements: 1
# length: 15
11 mins 22 secs


# name: piPieceDuration
# type: sq_string
# elements: 1
# length: 15
12 mins 49 secs


# name: piMethod
# type: sq_string
# elements: 1
# length: 15
Stedman Cinques


# name: piPealSpeed
# type: scalar struct
# ndims: 2
 1 1
# length: 2
# name: string
# type: sq_string
# elements: 1
# length: 13
3 hrs 47 mins


# name: numeric
# type: scalar
13636549.984680677




# name: piNBells
# type: scalar
12


# name: piRowsBadInPiece
# type: scalar
2


# name: piTouchFaults
# type: scalar struct
# ndims: 2
 1 1
# length: 2
# name: count
# type: scalar struct
# ndims: 2
 1 1
# length: 3
# name: hand
# type: scalar
42


# name: back
# type: scalar
43


# name: all
# type: scalar
85




# name: mean
# type: scalar struct
# ndims: 2
 1 1
# length: 3
# name: hand
# type: scalar
19.59191430508125


# name: back
# type: scalar
19.452813872078575


# name: all
# type: scalar
19.48411214421764






# name: piExpstring
# type: sq_string
# elements: 0


# name: piRungon
# type: string
# elements: 0


# name: piTenor
# type: sq_string
# elements: 1
# length: 2
12


# name: piNumBellsRinging
# type: sq_string
# elements: 1
# length: 2
12




