# Created by Octave 5.2.0, Sun Apr 12 16:55:28 2026 GMT <unknown@JulianLaptop2>
# name: TouchDetails
# type: scalar struct
# ndims: 2
 1 1
# length: 20
# name: piSourcefilename
# type: sq_string
# elements: 1
# length: 91
C:\Program Files (x86)\Ringing Software\hawkear_files\touches\redcliffe\20260412_touch3.wav


# name: piRingingdatetime
# type: sq_string
# elements: 1
# length: 13
20260412-1654


# name: piTower
# type: sq_string
# elements: 1
# length: 26
St Mary Redcliffe, Bristol


# name: piRingingname
# type: sq_string
# elements: 1
# length: 15
20260412 touch3


# name: piStdev
# type: scalar
28.700835710527812


# name: piStdevpercentStr
# type: sq_string
# elements: 1
# length: 4
13.0


# name: piStdevPct
# type: scalar
13.028026216452206


# name: piTouchlength
# type: scalar
252


# name: piPiecelength
# type: scalar
288


# name: piTouchDuration
# type: sq_string
# elements: 1
# length: 15
11 mins 31 secs


# name: piPieceDuration
# type: sq_string
# elements: 1
# length: 15
13 mins 13 secs


# name: piMethod
# type: sq_string
# elements: 1
# length: 15
Stedman Cinques


# name: piPealSpeed
# type: scalar struct
# ndims: 2
 1 1
# length: 2
# name: string
# type: sq_string
# elements: 1
# length: 13
3 hrs 50 mins


# name: numeric
# type: scalar
13824973.859414971




# name: piNBells
# type: scalar
12


# name: piRowsBadInPiece
# type: scalar
3


# name: piTouchFaults
# type: scalar struct
# ndims: 2
 1 1
# length: 2
# name: count
# type: scalar struct
# ndims: 2
 1 1
# length: 3
# name: hand
# type: scalar
81


# name: back
# type: scalar
90


# name: all
# type: scalar
171




# name: mean
# type: scalar struct
# ndims: 2
 1 1
# length: 3
# name: hand
# type: scalar
21.891393701710616


# name: back
# type: scalar
22.58250110555155


# name: all
# type: scalar
22.424021808868417






# name: piExpstring
# type: sq_string
# elements: 0


# name: piRungon
# type: string
# elements: 0


# name: piTenor
# type: sq_string
# elements: 1
# length: 2
12


# name: piNumBellsRinging
# type: sq_string
# elements: 1
# length: 2
12




