# Created by Octave 5.2.0, Sun Jul 13 17:06:27 2025 GMT <unknown@LAPTOP-71I6BV7B>
# name: TouchDetails
# type: scalar struct
# ndims: 2
 1 1
# length: 20
# name: piSourcefilename
# type: sq_string
# elements: 1
# length: 54
C:\Users\jools\HawkEarFiles\Recordings\touch3_13th.wav


# name: piRingingdatetime
# type: sq_string
# elements: 1
# length: 13
20250713-1705


# name: piTower
# type: sq_string
# elements: 1
# length: 9
Redcliffe


# name: piRingingname
# type: sq_string
# elements: 1
# length: 11
Touch3 13th


# name: piStdev
# type: scalar
27.054905047530465


# name: piStdevpercentStr
# type: sq_string
# elements: 1
# length: 4
11.9


# name: piStdevPct
# type: scalar
11.865320661769813


# name: piTouchlength
# type: scalar
255


# name: piPiecelength
# type: scalar
282


# name: piTouchDuration
# type: sq_string
# elements: 1
# length: 14
12 mins 4 secs


# name: piPieceDuration
# type: sq_string
# elements: 1
# length: 15
13 mins 22 secs


# name: piMethod
# type: sq_string
# elements: 1
# length: 15
Stedman Cinques


# name: piPealSpeed
# type: scalar struct
# ndims: 2
 1 1
# length: 2
# name: string
# type: sq_string
# elements: 1
# length: 13
3 hrs 59 mins


# name: numeric
# type: scalar
14316679.248983769




# name: piNBells
# type: scalar
12


# name: piRowsBadInPiece
# type: scalar
1


# name: piTouchFaults
# type: scalar struct
# ndims: 2
 1 1
# length: 2
# name: count
# type: scalar struct
# ndims: 2
 1 1
# length: 3
# name: hand
# type: scalar
62


# name: back
# type: scalar
45


# name: all
# type: scalar
107




# name: mean
# type: scalar struct
# ndims: 2
 1 1
# length: 3
# name: hand
# type: scalar
22.746560079984636


# name: back
# type: scalar
20.428889108371749


# name: all
# type: scalar
21.462379144897373






# name: piExpstring
# type: sq_string
# elements: 0


# name: piRungon
# type: string
# elements: 0


# name: piTenor
# type: sq_string
# elements: 1
# length: 2
12


# name: piNumBellsRinging
# type: sq_string
# elements: 1
# length: 2
12




