# Created by Octave 5.2.0, Sat Jun 06 10:59:45 2026 GMT <unknown@JulianLaptop2>
# name: TouchDetails
# type: scalar struct
# ndims: 2
 1 1
# length: 20
# name: piSourcefilename
# type: sq_string
# elements: 1
# length: 88
C:\Program Files (x86)\Ringing Software\hawkear_files\touches\exeter\20260605_touch3.wav


# name: piRingingdatetime
# type: sq_string
# elements: 1
# length: 13
20260605-2050


# name: piTower
# type: sq_string
# elements: 1
# length: 16
Exeter Cathedral


# name: piRingingname
# type: sq_string
# elements: 1
# length: 15
20260605 touch3


# name: piStdev
# type: scalar
37.722736481912044


# name: piStdevpercentStr
# type: sq_string
# elements: 1
# length: 4
15.5


# name: piStdevPct
# type: scalar
15.523681602222778


# name: piTouchlength
# type: scalar
252


# name: piPiecelength
# type: scalar
288


# name: piTouchDuration
# type: sq_string
# elements: 1
# length: 15
12 mins 43 secs


# name: piPieceDuration
# type: sq_string
# elements: 1
# length: 15
14 mins 31 secs


# name: piMethod
# type: sq_string
# elements: 1
# length: 15
Stedman Cinques


# name: piPealSpeed
# type: scalar struct
# ndims: 2
 1 1
# length: 2
# name: string
# type: sq_string
# elements: 1
# length: 13
4 hrs 14 mins


# name: numeric
# type: scalar
15258668.609050522




# name: piNBells
# type: scalar
12


# name: piRowsBadInPiece
# type: scalar
12


# name: piTouchFaults
# type: scalar struct
# ndims: 2
 1 1
# length: 2
# name: count
# type: scalar struct
# ndims: 2
 1 1
# length: 3
# name: hand
# type: scalar
168


# name: back
# type: scalar
110


# name: all
# type: scalar
278




# name: mean
# type: scalar struct
# ndims: 2
 1 1
# length: 3
# name: hand
# type: scalar
30.480078776843627


# name: back
# type: scalar
27.121299704685129


# name: all
# type: scalar
29.02935320811272






# name: piExpstring
# type: sq_string
# elements: 0


# name: piRungon
# type: string
# elements: 0


# name: piTenor
# type: sq_string
# elements: 1
# length: 2
12


# name: piNumBellsRinging
# type: sq_string
# elements: 1
# length: 2
12




