# Created by Octave 5.2.0, Tue Jan 20 13:33:09 2026 GMT <unknown@JulianLaptop2>
# name: TouchDetails
# type: scalar struct
# ndims: 2
 1 1
# length: 20
# name: piSourcefilename
# type: sq_string
# elements: 1
# length: 91
C:\Program Files (x86)\Ringing Software\hawkear_files\touches\redcliffe\20260118_touch2.wav


# name: piRingingdatetime
# type: sq_string
# elements: 1
# length: 13
20260118-0922


# name: piTower
# type: sq_string
# elements: 1
# length: 26
St Mary Redcliffe, Bristol


# name: piRingingname
# type: sq_string
# elements: 1
# length: 15
20260118 touch2


# name: piStdev
# type: scalar
29.149406340327371


# name: piStdevpercentStr
# type: sq_string
# elements: 1
# length: 4
13.5


# name: piStdevPct
# type: scalar
13.523717760193536


# name: piTouchlength
# type: scalar
269


# name: piPiecelength
# type: scalar
300


# name: piTouchDuration
# type: sq_string
# elements: 1
# length: 15
11 mins 59 secs


# name: piPieceDuration
# type: sq_string
# elements: 1
# length: 15
13 mins 24 secs


# name: piMethod
# type: sq_string
# elements: 1
# length: 15
Stedman Cinques


# name: piPealSpeed
# type: scalar struct
# ndims: 2
 1 1
# length: 2
# name: string
# type: sq_string
# elements: 1
# length: 13
3 hrs 45 mins


# name: numeric
# type: scalar
13477601.342442038




# name: piNBells
# type: scalar
12


# name: piRowsBadInPiece
# type: scalar
3


# name: piTouchFaults
# type: scalar struct
# ndims: 2
 1 1
# length: 2
# name: count
# type: scalar struct
# ndims: 2
 1 1
# length: 3
# name: hand
# type: scalar
127


# name: back
# type: scalar
81


# name: all
# type: scalar
208




# name: mean
# type: scalar struct
# ndims: 2
 1 1
# length: 3
# name: hand
# type: scalar
24.742976518792158


# name: back
# type: scalar
22.114984413966326


# name: all
# type: scalar
23.293007127529702






# name: piExpstring
# type: sq_string
# elements: 0


# name: piRungon
# type: string
# elements: 0


# name: piTenor
# type: sq_string
# elements: 1
# length: 2
12


# name: piNumBellsRinging
# type: sq_string
# elements: 1
# length: 2
12




