# Created by Octave 5.2.0, Tue Apr 14 16:12:37 2026 GMT <unknown@JulianLaptop2>
# name: TouchDetails
# type: scalar struct
# ndims: 2
 1 1
# length: 20
# name: piSourcefilename
# type: sq_string
# elements: 1
# length: 132
C:\Program Files (x86)\Ringing Software\hawkear_files\touches\redcliffe_tewkesbury_shield\Tewkesbury_practice_2026-04-12_touch_2.wav


# name: piRingingdatetime
# type: sq_string
# elements: 1
# length: 13
20260412-2208


# name: piTower
# type: sq_string
# elements: 1
# length: 36
St Mary Redcliffe Front Ten, Bristol


# name: piRingingname
# type: sq_string
# elements: 1
# length: 42
Tewkesbury practice 2026 - 04 - 12 touch 2


# name: piStdev
# type: scalar
26.780443893896777


# name: piStdevpercentStr
# type: sq_string
# elements: 1
# length: 4
12.0


# name: piStdevPct
# type: scalar
12.039330216268612


# name: piTouchlength
# type: scalar
365


# name: piPiecelength
# type: scalar
378


# name: piTouchDuration
# type: sq_string
# elements: 1
# length: 14
14 mins 6 secs


# name: piPieceDuration
# type: sq_string
# elements: 1
# length: 15
14 mins 36 secs


# name: piMethod
# type: sq_string
# elements: 1
# length: 14
Stedman Caters


# name: piPealSpeed
# type: scalar struct
# ndims: 2
 1 1
# length: 2
# name: string
# type: sq_string
# elements: 1
# length: 13
3 hrs 15 mins


# name: numeric
# type: scalar
11684644.611694142




# name: piNBells
# type: scalar
10


# name: piRowsBadInPiece
# type: scalar
2


# name: piTouchFaults
# type: scalar struct
# ndims: 2
 1 1
# length: 2
# name: count
# type: scalar struct
# ndims: 2
 1 1
# length: 3
# name: hand
# type: scalar
88


# name: back
# type: scalar
47


# name: all
# type: scalar
135




# name: mean
# type: scalar struct
# ndims: 2
 1 1
# length: 3
# name: hand
# type: scalar
22.731219142918068


# name: back
# type: scalar
19.520791844624028


# name: all
# type: scalar
21.251261824334879






# name: piExpstring
# type: sq_string
# elements: 0


# name: piRungon
# type: string
# elements: 0


# name: piTenor
# type: sq_string
# elements: 1
# length: 2
10


# name: piNumBellsRinging
# type: sq_string
# elements: 1
# length: 2
10




