# Created by Octave 5.2.0, Sun Apr 19 17:17:19 2026 GMT <unknown@JulianLaptop2>
# name: TouchDetails
# type: scalar struct
# ndims: 2
 1 1
# length: 20
# name: piSourcefilename
# type: sq_string
# elements: 1
# length: 38
C:\Users\jools\Desktop\york\leeds2.wav


# name: piRingingdatetime
# type: sq_string
# elements: 1
# length: 13
20260419-1237


# name: piTower
# type: sq_string
# elements: 1
# length: 13
Leeds Minster


# name: piRingingname
# type: sq_string
# elements: 1
# length: 6
Leeds2


# name: piStdev
# type: scalar
25.96641308135316


# name: piStdevpercentStr
# type: sq_string
# elements: 1
# length: 4
12.3


# name: piStdevPct
# type: scalar
12.263220831562087


# name: piTouchlength
# type: scalar
252


# name: piPiecelength
# type: scalar
278


# name: piTouchDuration
# type: sq_string
# elements: 1
# length: 14
11 mins 3 secs


# name: piPieceDuration
# type: sq_string
# elements: 1
# length: 15
12 mins 13 secs


# name: piMethod
# type: sq_string
# elements: 1
# length: 15
Stedman Cinques


# name: piPealSpeed
# type: scalar struct
# ndims: 2
 1 1
# length: 2
# name: string
# type: sq_string
# elements: 1
# length: 13
3 hrs 41 mins


# name: numeric
# type: scalar
13268078.851426143




# name: piNBells
# type: scalar
12


# name: piRowsBadInPiece
# type: scalar
3


# name: piTouchFaults
# type: scalar struct
# ndims: 2
 1 1
# length: 2
# name: count
# type: scalar struct
# ndims: 2
 1 1
# length: 3
# name: hand
# type: scalar
69


# name: back
# type: scalar
54


# name: all
# type: scalar
123




# name: mean
# type: scalar struct
# ndims: 2
 1 1
# length: 3
# name: hand
# type: scalar
20.996809923149357


# name: back
# type: scalar
20.131557079426873


# name: all
# type: scalar
20.518827559331925






# name: piExpstring
# type: sq_string
# elements: 0


# name: piRungon
# type: string
# elements: 0


# name: piTenor
# type: sq_string
# elements: 1
# length: 2
12


# name: piNumBellsRinging
# type: sq_string
# elements: 1
# length: 2
12




