# Created by Octave 5.2.0, Fri Oct 17 14:19:47 2025 GMT <unknown@JulianLaptop2>
# name: TouchDetails
# type: scalar struct
# ndims: 2
 1 1
# length: 20
# name: piSourcefilename
# type: sq_string
# elements: 1
# length: 112
C:\Users\jools\AppData\Roaming\HawkEar\Towers\redcliffe\BellRecords\20250309-1700\Bellsets\S12T12\TestS12T12.mp3


# name: piRingingdatetime
# type: sq_string
# elements: 1
# length: 13
20250309-1700


# name: piTower
# type: sq_string
# elements: 1
# length: 26
St Mary Redcliffe, Bristol


# name: piRingingname
# type: sq_string
# elements: 1
# length: 10
TestS12T12


# name: piStdev
# type: scalar
23.90421496556624


# name: piStdevpercentStr
# type: sq_string
# elements: 1
# length: 4
11.2


# name: piStdevPct
# type: scalar
11.184775199810247


# name: piTouchlength
# type: scalar
18


# name: piPiecelength
# type: scalar
22


# name: piTouchDuration
# type: sq_string
# elements: 1
# length: 14
0 mins 48 secs


# name: piPieceDuration
# type: sq_string
# elements: 1
# length: 14
0 mins 59 secs


# name: piMethod
# type: sq_string
# elements: 1
# length: 21
Unknown ringing on 12


# name: piPealSpeed
# type: scalar struct
# ndims: 2
 1 1
# length: 2
# name: string
# type: sq_string
# elements: 1
# length: 13
3 hrs 43 mins


# name: numeric
# type: scalar
13378756.162272321




# name: piNBells
# type: scalar
12


# name: piRowsBadInPiece
# type: scalar
1


# name: piTouchFaults
# type: scalar struct
# ndims: 2
 1 1
# length: 2
# name: count
# type: scalar struct
# ndims: 2
 1 1
# length: 3
# name: hand
# type: scalar
2


# name: back
# type: scalar
3


# name: all
# type: scalar
5




# name: mean
# type: scalar struct
# ndims: 2
 1 1
# length: 3
# name: hand
# type: scalar
20.996800972689471


# name: back
# type: scalar
16.835761339277365


# name: all
# type: scalar
19.068457983735623






# name: piExpstring
# type: sq_string
# elements: 0


# name: piRungon
# type: string
# elements: 0


# name: piTenor
# type: sq_string
# elements: 1
# length: 2
12


# name: piNumBellsRinging
# type: sq_string
# elements: 1
# length: 2
12




