# Created by Octave 5.2.0, Sun Apr 19 17:14:53 2026 GMT <unknown@JulianLaptop2>
# name: TouchDetails
# type: scalar struct
# ndims: 2
 1 1
# length: 20
# name: piSourcefilename
# type: sq_string
# elements: 1
# length: 37
C:\Users\jools\Desktop\york\york5.wav


# name: piRingingdatetime
# type: sq_string
# elements: 1
# length: 13
20260419-1540


# name: piTower
# type: sq_string
# elements: 1
# length: 12
York Minster


# name: piRingingname
# type: sq_string
# elements: 1
# length: 5
York5


# name: piStdev
# type: scalar
28.822128020080804


# name: piStdevpercentStr
# type: sq_string
# elements: 1
# length: 4
12.6


# name: piStdevPct
# type: scalar
12.6058242962006


# name: piTouchlength
# type: scalar
252


# name: piPiecelength
# type: scalar
290


# name: piTouchDuration
# type: sq_string
# elements: 1
# length: 15
11 mins 58 secs


# name: piPieceDuration
# type: sq_string
# elements: 1
# length: 15
13 mins 47 secs


# name: piMethod
# type: sq_string
# elements: 1
# length: 15
Stedman Cinques


# name: piPealSpeed
# type: scalar struct
# ndims: 2
 1 1
# length: 2
# name: string
# type: sq_string
# elements: 1
# length: 13
3 hrs 59 mins


# name: numeric
# type: scalar
14350981.33993274




# name: piNBells
# type: scalar
12


# name: piRowsBadInPiece
# type: scalar
6


# name: piTouchFaults
# type: scalar struct
# ndims: 2
 1 1
# length: 2
# name: count
# type: scalar struct
# ndims: 2
 1 1
# length: 3
# name: hand
# type: scalar
50


# name: back
# type: scalar
70


# name: all
# type: scalar
120




# name: mean
# type: scalar struct
# ndims: 2
 1 1
# length: 3
# name: hand
# type: scalar
22.568305300613922


# name: back
# type: scalar
23.457518072454132


# name: all
# type: scalar
22.760638000229033






# name: piExpstring
# type: sq_string
# elements: 0


# name: piRungon
# type: sq_string
# elements: 1
# length: 6
All 12


# name: piTenor
# type: sq_string
# elements: 1
# length: 2
12


# name: piNumBellsRinging
# type: sq_string
# elements: 1
# length: 2
12




