# Created by Octave 5.2.0, Sun Feb 22 09:17:37 2026 GMT <unknown@JulianLaptop2>
# name: TouchDetails
# type: scalar struct
# ndims: 2
 1 1
# length: 20
# name: piSourcefilename
# type: sq_string
# elements: 1
# length: 91
C:\Program Files (x86)\Ringing Software\hawkear_files\touches\redcliffe\20260222_touch3.wav


# name: piRingingdatetime
# type: sq_string
# elements: 1
# length: 13
20260222-0916


# name: piTower
# type: sq_string
# elements: 1
# length: 26
St Mary Redcliffe, Bristol


# name: piRingingname
# type: sq_string
# elements: 1
# length: 15
20260222 touch3


# name: piStdev
# type: scalar
26.098588490925568


# name: piStdevpercentStr
# type: sq_string
# elements: 1
# length: 4
11.8


# name: piStdevPct
# type: scalar
11.805930303237936


# name: piTouchlength
# type: scalar
269


# name: piPiecelength
# type: scalar
302


# name: piTouchDuration
# type: sq_string
# elements: 1
# length: 15
12 mins 18 secs


# name: piPieceDuration
# type: sq_string
# elements: 1
# length: 15
13 mins 50 secs


# name: piMethod
# type: sq_string
# elements: 1
# length: 15
Stedman Cinques


# name: piPealSpeed
# type: scalar struct
# ndims: 2
 1 1
# length: 2
# name: string
# type: sq_string
# elements: 1
# length: 13
3 hrs 51 mins


# name: numeric
# type: scalar
13835881.222122194




# name: piNBells
# type: scalar
12


# name: piRowsBadInPiece
# type: scalar
3


# name: piTouchFaults
# type: scalar struct
# ndims: 2
 1 1
# length: 2
# name: count
# type: scalar struct
# ndims: 2
 1 1
# length: 3
# name: hand
# type: scalar
55


# name: back
# type: scalar
66


# name: all
# type: scalar
121




# name: mean
# type: scalar struct
# ndims: 2
 1 1
# length: 3
# name: hand
# type: scalar
21.088291711535991


# name: back
# type: scalar
20.092250251143643


# name: all
# type: scalar
20.821388772848326






# name: piExpstring
# type: sq_string
# elements: 0


# name: piRungon
# type: string
# elements: 0


# name: piTenor
# type: sq_string
# elements: 1
# length: 2
12


# name: piNumBellsRinging
# type: sq_string
# elements: 1
# length: 2
12




