# Created by Octave 5.2.0, Mon Jul 13 09:23:03 2026 GMT <unknown@JulianLaptop2>
# name: TouchDetails
# type: scalar struct
# ndims: 2
 1 1
# length: 20
# name: piSourcefilename
# type: sq_string
# elements: 1
# length: 91
C:\Program Files (x86)\Ringing Software\hawkear_files\touches\redcliffe\20260712_touch1.wav


# name: piRingingdatetime
# type: sq_string
# elements: 1
# length: 13
20260713-0920


# name: piTower
# type: sq_string
# elements: 1
# length: 26
St Mary Redcliffe, Bristol


# name: piRingingname
# type: sq_string
# elements: 1
# length: 15
20260712 touch1


# name: piStdev
# type: scalar
30.551644855094416


# name: piStdevpercentStr
# type: sq_string
# elements: 1
# length: 4
13.2


# name: piStdevPct
# type: scalar
13.218308517407603


# name: piTouchlength
# type: scalar
288


# name: piPiecelength
# type: scalar
316


# name: piTouchDuration
# type: sq_string
# elements: 1
# length: 15
13 mins 46 secs


# name: piPieceDuration
# type: sq_string
# elements: 1
# length: 14
15 mins 6 secs


# name: piMethod
# type: sq_string
# elements: 1
# length: 26
Cambridge Surprise Maximus


# name: piPealSpeed
# type: scalar struct
# ndims: 2
 1 1
# length: 2
# name: string
# type: sq_string
# elements: 1
# length: 12
4 hrs 1 mins


# name: numeric
# type: scalar
14450082.889962275




# name: piNBells
# type: scalar
12


# name: piRowsBadInPiece
# type: scalar
5


# name: piTouchFaults
# type: scalar struct
# ndims: 2
 1 1
# length: 2
# name: count
# type: scalar struct
# ndims: 2
 1 1
# length: 3
# name: hand
# type: scalar
103


# name: back
# type: scalar
90


# name: all
# type: scalar
193




# name: mean
# type: scalar struct
# ndims: 2
 1 1
# length: 3
# name: hand
# type: scalar
23.876880332722479


# name: back
# type: scalar
23.987683060724272


# name: all
# type: scalar
23.980941522513326






# name: piExpstring
# type: sq_string
# elements: 0


# name: piRungon
# type: string
# elements: 0


# name: piTenor
# type: sq_string
# elements: 1
# length: 2
12


# name: piNumBellsRinging
# type: sq_string
# elements: 1
# length: 2
12




