# Created by Octave 5.2.0, Tue Mar 17 20:52:56 2026 GMT <unknown@JulianLaptop2>
# name: TouchDetails
# type: scalar struct
# ndims: 2
 1 1
# length: 20
# name: piSourcefilename
# type: sq_string
# elements: 1
# length: 91
C:\Program Files (x86)\Ringing Software\hawkear_files\touches\redcliffe\20260317_touch4.wav


# name: piRingingdatetime
# type: sq_string
# elements: 1
# length: 13
20260317-2052


# name: piTower
# type: sq_string
# elements: 1
# length: 26
St Mary Redcliffe, Bristol


# name: piRingingname
# type: sq_string
# elements: 1
# length: 15
20260317 touch4


# name: piStdev
# type: scalar
27.504642157565513


# name: piStdevpercentStr
# type: sq_string
# elements: 1
# length: 4
12.4


# name: piStdevPct
# type: scalar
12.36251536122988


# name: piTouchlength
# type: scalar
269


# name: piPiecelength
# type: scalar
300


# name: piTouchDuration
# type: sq_string
# elements: 1
# length: 15
12 mins 25 secs


# name: piPieceDuration
# type: sq_string
# elements: 1
# length: 15
13 mins 53 secs


# name: piMethod
# type: sq_string
# elements: 1
# length: 15
Stedman Cinques


# name: piPealSpeed
# type: scalar struct
# ndims: 2
 1 1
# length: 2
# name: string
# type: sq_string
# elements: 1
# length: 13
3 hrs 53 mins


# name: numeric
# type: scalar
13961217.320764512




# name: piNBells
# type: scalar
12


# name: piRowsBadInPiece
# type: scalar
1


# name: piTouchFaults
# type: scalar struct
# ndims: 2
 1 1
# length: 2
# name: count
# type: scalar struct
# ndims: 2
 1 1
# length: 3
# name: hand
# type: scalar
77


# name: back
# type: scalar
66


# name: all
# type: scalar
143




# name: mean
# type: scalar struct
# ndims: 2
 1 1
# length: 3
# name: hand
# type: scalar
21.911029698768481


# name: back
# type: scalar
21.202264010810559


# name: all
# type: scalar
21.82461444633255






# name: piExpstring
# type: sq_string
# elements: 0


# name: piRungon
# type: string
# elements: 0


# name: piTenor
# type: sq_string
# elements: 1
# length: 2
12


# name: piNumBellsRinging
# type: sq_string
# elements: 1
# length: 2
12




