# Created by Octave 5.2.0, Sun Feb 22 09:58:02 2026 GMT <unknown@JulianLaptop2>
# name: TouchDetails
# type: scalar struct
# ndims: 2
 1 1
# length: 20
# name: piSourcefilename
# type: sq_string
# elements: 1
# length: 91
C:\Program Files (x86)\Ringing Software\hawkear_files\touches\redcliffe\20260222_touch1.wav


# name: piRingingdatetime
# type: sq_string
# elements: 1
# length: 13
20260222-0851


# name: piTower
# type: sq_string
# elements: 1
# length: 26
St Mary Redcliffe, Bristol


# name: piRingingname
# type: sq_string
# elements: 1
# length: 15
20260222 touch1


# name: piStdev
# type: scalar
30.620567694146924


# name: piStdevpercentStr
# type: sq_string
# elements: 1
# length: 4
13.9


# name: piStdevPct
# type: scalar
13.913490893012176


# name: piTouchlength
# type: scalar
269


# name: piPiecelength
# type: scalar
302


# name: piTouchDuration
# type: sq_string
# elements: 1
# length: 15
12 mins 16 secs


# name: piPieceDuration
# type: sq_string
# elements: 1
# length: 15
13 mins 49 secs


# name: piMethod
# type: sq_string
# elements: 1
# length: 15
Stedman Cinques


# name: piPealSpeed
# type: scalar struct
# ndims: 2
 1 1
# length: 2
# name: string
# type: sq_string
# elements: 1
# length: 13
3 hrs 50 mins


# name: numeric
# type: scalar
13797301.17205048




# name: piNBells
# type: scalar
12


# name: piRowsBadInPiece
# type: scalar
3


# name: piTouchFaults
# type: scalar struct
# ndims: 2
 1 1
# length: 2
# name: count
# type: scalar struct
# ndims: 2
 1 1
# length: 3
# name: hand
# type: scalar
135


# name: back
# type: scalar
89


# name: all
# type: scalar
224




# name: mean
# type: scalar struct
# ndims: 2
 1 1
# length: 3
# name: hand
# type: scalar
25.42756336908252


# name: back
# type: scalar
22.884915422160741


# name: all
# type: scalar
24.225387355151732






# name: piExpstring
# type: sq_string
# elements: 0


# name: piRungon
# type: string
# elements: 0


# name: piTenor
# type: sq_string
# elements: 1
# length: 2
12


# name: piNumBellsRinging
# type: sq_string
# elements: 1
# length: 2
12




