# Created by Octave 5.2.0, Fri Oct 17 14:29:26 2025 GMT <unknown@JulianLaptop2>
# name: TouchDetails
# type: scalar struct
# ndims: 2
 1 1
# length: 20
# name: piSourcefilename
# type: sq_string
# elements: 1
# length: 91
C:\Program Files (x86)\Ringing Software\hawkear_files\touches\redcliffe\20251012_touch2.wav


# name: piRingingdatetime
# type: sq_string
# elements: 1
# length: 13
20251017-1410


# name: piTower
# type: sq_string
# elements: 1
# length: 26
St Mary Redcliffe, Bristol


# name: piRingingname
# type: sq_string
# elements: 1
# length: 15
20251012 touch2


# name: piStdev
# type: scalar
26.083249554539879


# name: piStdevpercentStr
# type: sq_string
# elements: 1
# length: 4
11.9


# name: piStdevPct
# type: scalar
11.916729561521066


# name: piTouchlength
# type: scalar
252


# name: piPiecelength
# type: scalar
288


# name: piTouchDuration
# type: sq_string
# elements: 1
# length: 15
11 mins 27 secs


# name: piPieceDuration
# type: sq_string
# elements: 1
# length: 14
13 mins 7 secs


# name: piMethod
# type: sq_string
# elements: 1
# length: 15
Stedman Cinques


# name: piPealSpeed
# type: scalar struct
# ndims: 2
 1 1
# length: 2
# name: string
# type: sq_string
# elements: 1
# length: 13
3 hrs 49 mins


# name: numeric
# type: scalar
13746002.35573975




# name: piNBells
# type: scalar
12


# name: piRowsBadInPiece
# type: scalar
2


# name: piTouchFaults
# type: scalar struct
# ndims: 2
 1 1
# length: 2
# name: count
# type: scalar struct
# ndims: 2
 1 1
# length: 3
# name: hand
# type: scalar
63


# name: back
# type: scalar
53


# name: all
# type: scalar
116




# name: mean
# type: scalar struct
# ndims: 2
 1 1
# length: 3
# name: hand
# type: scalar
21.247412706988115


# name: back
# type: scalar
20.032317536022102


# name: all
# type: scalar
20.835037656825623






# name: piExpstring
# type: sq_string
# elements: 0


# name: piRungon
# type: string
# elements: 0


# name: piTenor
# type: sq_string
# elements: 1
# length: 2
12


# name: piNumBellsRinging
# type: sq_string
# elements: 1
# length: 2
12




