# Created by Octave 5.2.0, Sun Apr 19 17:12:12 2026 GMT <unknown@JulianLaptop2>
# name: TouchDetails
# type: scalar struct
# ndims: 2
 1 1
# length: 20
# name: piSourcefilename
# type: sq_string
# elements: 1
# length: 37
C:\Users\jools\Desktop\york\york2.wav


# name: piRingingdatetime
# type: sq_string
# elements: 1
# length: 13
20260419-1448


# name: piTower
# type: sq_string
# elements: 1
# length: 12
York Minster


# name: piRingingname
# type: sq_string
# elements: 1
# length: 5
York2


# name: piStdev
# type: scalar
32.636350699615726


# name: piStdevpercentStr
# type: sq_string
# elements: 1
# length: 4
14.2


# name: piStdevPct
# type: scalar
14.203924925202966


# name: piTouchlength
# type: scalar
252


# name: piPiecelength
# type: scalar
282


# name: piTouchDuration
# type: sq_string
# elements: 1
# length: 14
12 mins 2 secs


# name: piPieceDuration
# type: sq_string
# elements: 1
# length: 15
13 mins 29 secs


# name: piMethod
# type: sq_string
# elements: 1
# length: 15
Stedman Cinques


# name: piPealSpeed
# type: scalar struct
# ndims: 2
 1 1
# length: 2
# name: string
# type: sq_string
# elements: 1
# length: 12
4 hrs 1 mins


# name: numeric
# type: scalar
14434013.923132678




# name: piNBells
# type: scalar
12


# name: piRowsBadInPiece
# type: scalar
2


# name: piTouchFaults
# type: scalar struct
# ndims: 2
 1 1
# length: 2
# name: count
# type: scalar struct
# ndims: 2
 1 1
# length: 3
# name: hand
# type: scalar
116


# name: back
# type: scalar
129


# name: all
# type: scalar
245




# name: mean
# type: scalar struct
# ndims: 2
 1 1
# length: 3
# name: hand
# type: scalar
25.446707366213303


# name: back
# type: scalar
26.064300368969409


# name: all
# type: scalar
25.567597987652917






# name: piExpstring
# type: sq_string
# elements: 0


# name: piRungon
# type: sq_string
# elements: 1
# length: 6
All 12


# name: piTenor
# type: sq_string
# elements: 1
# length: 2
12


# name: piNumBellsRinging
# type: sq_string
# elements: 1
# length: 2
12




