# Created by Octave 5.2.0, Mon Apr 20 08:25:29 2026 GMT <unknown@JulianLaptop2>
# name: TouchDetails
# type: scalar struct
# ndims: 2
 1 1
# length: 20
# name: piSourcefilename
# type: sq_string
# elements: 1
# length: 37
C:\Users\jools\Desktop\york\york2.wav


# name: piRingingdatetime
# type: sq_string
# elements: 1
# length: 13
20260419-1448


# name: piTower
# type: sq_string
# elements: 1
# length: 12
York Minster


# name: piRingingname
# type: sq_string
# elements: 1
# length: 5
York2


# name: piStdev
# type: scalar
32.396005443741089


# name: piStdevpercentStr
# type: sq_string
# elements: 1
# length: 4
14.1


# name: piStdevPct
# type: scalar
14.105302434382425


# name: piTouchlength
# type: scalar
252


# name: piPiecelength
# type: scalar
282


# name: piTouchDuration
# type: sq_string
# elements: 1
# length: 14
12 mins 2 secs


# name: piPieceDuration
# type: sq_string
# elements: 1
# length: 15
13 mins 29 secs


# name: piMethod
# type: sq_string
# elements: 1
# length: 15
Stedman Cinques


# name: piPealSpeed
# type: scalar struct
# ndims: 2
 1 1
# length: 2
# name: string
# type: sq_string
# elements: 1
# length: 12
4 hrs 1 mins


# name: numeric
# type: scalar
14434031.658804514




# name: piNBells
# type: scalar
12


# name: piRowsBadInPiece
# type: scalar
3


# name: piTouchFaults
# type: scalar struct
# ndims: 2
 1 1
# length: 2
# name: count
# type: scalar struct
# ndims: 2
 1 1
# length: 3
# name: hand
# type: scalar
113


# name: back
# type: scalar
113


# name: all
# type: scalar
226




# name: mean
# type: scalar struct
# ndims: 2
 1 1
# length: 3
# name: hand
# type: scalar
25.472252086816244


# name: back
# type: scalar
25.590513833851343


# name: all
# type: scalar
25.407321519769951






# name: piExpstring
# type: sq_string
# elements: 0


# name: piRungon
# type: sq_string
# elements: 1
# length: 6
All 12


# name: piTenor
# type: sq_string
# elements: 1
# length: 2
12


# name: piNumBellsRinging
# type: sq_string
# elements: 1
# length: 2
12




