# Created by Octave 5.2.0, Sun Jul 13 16:41:02 2025 GMT <unknown@LAPTOP-71I6BV7B>
# name: TouchDetails
# type: scalar struct
# ndims: 2
 1 1
# length: 20
# name: piSourcefilename
# type: sq_string
# elements: 1
# length: 54
C:\Users\jools\HawkEarFiles\Recordings\touch2_13th.wav


# name: piRingingdatetime
# type: sq_string
# elements: 1
# length: 13
20250713-1639


# name: piTower
# type: sq_string
# elements: 1
# length: 9
Redcliffe


# name: piRingingname
# type: sq_string
# elements: 1
# length: 11
Touch2 13th


# name: piStdev
# type: scalar
26.577611401840127


# name: piStdevpercentStr
# type: sq_string
# elements: 1
# length: 4
11.9


# name: piStdevPct
# type: scalar
11.89510368024429


# name: piTouchlength
# type: scalar
255


# name: piPiecelength
# type: scalar
292


# name: piTouchDuration
# type: sq_string
# elements: 1
# length: 15
11 mins 49 secs


# name: piPieceDuration
# type: sq_string
# elements: 1
# length: 15
13 mins 32 secs


# name: piMethod
# type: sq_string
# elements: 1
# length: 15
Stedman Cinques


# name: piPealSpeed
# type: scalar struct
# ndims: 2
 1 1
# length: 2
# name: string
# type: sq_string
# elements: 1
# length: 13
3 hrs 53 mins


# name: numeric
# type: scalar
14006972.471930234




# name: piNBells
# type: scalar
12


# name: piRowsBadInPiece
# type: scalar
2


# name: piTouchFaults
# type: scalar struct
# ndims: 2
 1 1
# length: 2
# name: count
# type: scalar struct
# ndims: 2
 1 1
# length: 3
# name: hand
# type: scalar
66


# name: back
# type: scalar
44


# name: all
# type: scalar
110




# name: mean
# type: scalar struct
# ndims: 2
 1 1
# length: 3
# name: hand
# type: scalar
22.122324445038061


# name: back
# type: scalar
19.974143867628278


# name: all
# type: scalar
21.102506213747265






# name: piExpstring
# type: sq_string
# elements: 0


# name: piRungon
# type: string
# elements: 0


# name: piTenor
# type: sq_string
# elements: 1
# length: 2
12


# name: piNumBellsRinging
# type: sq_string
# elements: 1
# length: 2
12




