# Created by Octave 5.2.0, Sun Jun 14 16:39:54 2026 GMT <unknown@JulianLaptop2>
# name: TouchDetails
# type: scalar struct
# ndims: 2
 1 1
# length: 20
# name: piSourcefilename
# type: sq_string
# elements: 1
# length: 91
C:\Program Files (x86)\Ringing Software\hawkear_files\touches\redcliffe\20260614_touch5.wav


# name: piRingingdatetime
# type: sq_string
# elements: 1
# length: 13
20260614-1637


# name: piTower
# type: sq_string
# elements: 1
# length: 26
St Mary Redcliffe, Bristol


# name: piRingingname
# type: sq_string
# elements: 1
# length: 15
20260614 touch5


# name: piStdev
# type: scalar
23.857795052490161


# name: piStdevpercentStr
# type: sq_string
# elements: 1
# length: 4
11.0


# name: piStdevPct
# type: scalar
10.988351770824785


# name: piTouchlength
# type: scalar
252


# name: piPiecelength
# type: scalar
284


# name: piTouchDuration
# type: sq_string
# elements: 1
# length: 15
11 mins 20 secs


# name: piPieceDuration
# type: sq_string
# elements: 1
# length: 15
12 mins 47 secs


# name: piMethod
# type: sq_string
# elements: 1
# length: 15
Stedman Cinques


# name: piPealSpeed
# type: scalar struct
# ndims: 2
 1 1
# length: 2
# name: string
# type: sq_string
# elements: 1
# length: 13
3 hrs 47 mins


# name: numeric
# type: scalar
13602362.197067665




# name: piNBells
# type: scalar
12


# name: piRowsBadInPiece
# type: scalar
3


# name: piTouchFaults
# type: scalar struct
# ndims: 2
 1 1
# length: 2
# name: count
# type: scalar struct
# ndims: 2
 1 1
# length: 3
# name: hand
# type: scalar
46


# name: back
# type: scalar
33


# name: all
# type: scalar
79




# name: mean
# type: scalar struct
# ndims: 2
 1 1
# length: 3
# name: hand
# type: scalar
19.336685826396444


# name: back
# type: scalar
17.92496394840585


# name: all
# type: scalar
18.901051292552207






# name: piExpstring
# type: sq_string
# elements: 0


# name: piRungon
# type: string
# elements: 0


# name: piTenor
# type: sq_string
# elements: 1
# length: 2
12


# name: piNumBellsRinging
# type: sq_string
# elements: 1
# length: 2
12




