# Created by Octave 5.2.0, Sun Jul 13 17:24:11 2025 GMT <unknown@LAPTOP-71I6BV7B>
# name: TouchDetails
# type: scalar struct
# ndims: 2
 1 1
# length: 20
# name: piSourcefilename
# type: sq_string
# elements: 1
# length: 54
C:\Users\jools\HawkEarFiles\Recordings\touch4_13th.wav


# name: piRingingdatetime
# type: sq_string
# elements: 1
# length: 13
20250713-1723


# name: piTower
# type: sq_string
# elements: 1
# length: 9
Redcliffe


# name: piRingingname
# type: sq_string
# elements: 1
# length: 11
Touch4 13th


# name: piStdev
# type: scalar
24.645126816194473


# name: piStdevpercentStr
# type: sq_string
# elements: 1
# length: 4
10.8


# name: piStdevPct
# type: scalar
10.75873947803195


# name: piTouchlength
# type: scalar
255


# name: piPiecelength
# type: scalar
276


# name: piTouchDuration
# type: sq_string
# elements: 1
# length: 14
12 mins 7 secs


# name: piPieceDuration
# type: sq_string
# elements: 1
# length: 14
13 mins 7 secs


# name: piMethod
# type: sq_string
# elements: 1
# length: 15
Stedman Cinques


# name: piPealSpeed
# type: scalar struct
# ndims: 2
 1 1
# length: 2
# name: string
# type: sq_string
# elements: 1
# length: 13
3 hrs 60 mins


# name: numeric
# type: scalar
14370448.314689171




# name: piNBells
# type: scalar
12


# name: piRowsBadInPiece
# type: scalar
3


# name: piTouchFaults
# type: scalar struct
# ndims: 2
 1 1
# length: 2
# name: count
# type: scalar struct
# ndims: 2
 1 1
# length: 3
# name: hand
# type: scalar
49


# name: back
# type: scalar
32


# name: all
# type: scalar
81




# name: mean
# type: scalar struct
# ndims: 2
 1 1
# length: 3
# name: hand
# type: scalar
20.398383824027405


# name: back
# type: scalar
18.064068036400535


# name: all
# type: scalar
19.332288781536267






# name: piExpstring
# type: sq_string
# elements: 0


# name: piRungon
# type: string
# elements: 0


# name: piTenor
# type: sq_string
# elements: 1
# length: 2
12


# name: piNumBellsRinging
# type: sq_string
# elements: 1
# length: 2
12




