# Created by Octave 5.2.0, Sun Feb 08 16:44:05 2026 GMT <unknown@JulianLaptop2>
# name: TouchDetails
# type: scalar struct
# ndims: 2
 1 1
# length: 20
# name: piSourcefilename
# type: sq_string
# elements: 1
# length: 91
C:\Program Files (x86)\Ringing Software\hawkear_files\touches\redcliffe\20260208_touch3.wav


# name: piRingingdatetime
# type: sq_string
# elements: 1
# length: 13
20260208-1643


# name: piTower
# type: sq_string
# elements: 1
# length: 26
St Mary Redcliffe, Bristol


# name: piRingingname
# type: sq_string
# elements: 1
# length: 15
20260208 touch3


# name: piStdev
# type: scalar
27.344354383392261


# name: piStdevpercentStr
# type: sq_string
# elements: 1
# length: 4
12.4


# name: piStdevPct
# type: scalar
12.363329990284376


# name: piTouchlength
# type: scalar
269


# name: piPiecelength
# type: scalar
298


# name: piTouchDuration
# type: sq_string
# elements: 1
# length: 15
12 mins 21 secs


# name: piPieceDuration
# type: sq_string
# elements: 1
# length: 15
13 mins 42 secs


# name: piMethod
# type: sq_string
# elements: 1
# length: 15
Stedman Cinques


# name: piPealSpeed
# type: scalar struct
# ndims: 2
 1 1
# length: 2
# name: string
# type: sq_string
# elements: 1
# length: 13
3 hrs 51 mins


# name: numeric
# type: scalar
13889261.939807916




# name: piNBells
# type: scalar
12


# name: piRowsBadInPiece
# type: scalar
2


# name: piTouchFaults
# type: scalar struct
# ndims: 2
 1 1
# length: 2
# name: count
# type: scalar struct
# ndims: 2
 1 1
# length: 3
# name: hand
# type: scalar
74


# name: back
# type: scalar
66


# name: all
# type: scalar
140




# name: mean
# type: scalar struct
# ndims: 2
 1 1
# length: 3
# name: hand
# type: scalar
22.945111840353356


# name: back
# type: scalar
20.659335422595809


# name: all
# type: scalar
21.638011111481983






# name: piExpstring
# type: sq_string
# elements: 0


# name: piRungon
# type: string
# elements: 0


# name: piTenor
# type: sq_string
# elements: 1
# length: 2
12


# name: piNumBellsRinging
# type: sq_string
# elements: 1
# length: 2
12




