# Created by Octave 5.2.0, Mon May 26 16:38:37 2025 GMT <unknown@LAPTOP-71I6BV7B>
# name: TouchDetails
# type: scalar struct
# ndims: 2
 1 1
# length: 20
# name: piSourcefilename
# type: sq_string
# elements: 1
# length: 55
C:\Users\jools\HawkEarFiles\Recordings\peal_trimmed.wav


# name: piRingingdatetime
# type: sq_string
# elements: 1
# length: 13
20250526-1633


# name: piTower
# type: sq_string
# elements: 1
# length: 9
Redcliffe


# name: piRingingname
# type: sq_string
# elements: 1
# length: 12
Peal trimmed


# name: piStdev
# type: scalar
28.694687814456202


# name: piStdevpercentStr
# type: sq_string
# elements: 1
# length: 4
13.0


# name: piStdevPct
# type: scalar
13.001780791277396


# name: piTouchlength
# type: scalar
5093


# name: piPiecelength
# type: scalar
5114


# name: piTouchDuration
# type: sq_string
# elements: 1
# length: 20
3 hrs 53 mins 7 secs


# name: piPieceDuration
# type: sq_string
# elements: 1
# length: 20
3 hrs 54 mins 6 secs


# name: piMethod
# type: sq_string
# elements: 1
# length: 15
Stedman Cinques


# name: piPealSpeed
# type: scalar struct
# ndims: 2
 1 1
# length: 2
# name: string
# type: sq_string
# elements: 1
# length: 13
3 hrs 51 mins


# name: numeric
# type: scalar
13841554.835358208




# name: piNBells
# type: scalar
12


# name: piRowsBadInPiece
# type: scalar
48


# name: piTouchFaults
# type: scalar struct
# ndims: 2
 1 1
# length: 2
# name: count
# type: scalar struct
# ndims: 2
 1 1
# length: 3
# name: hand
# type: scalar
1837


# name: back
# type: scalar
1424


# name: all
# type: scalar
3261




# name: mean
# type: scalar struct
# ndims: 2
 1 1
# length: 3
# name: hand
# type: scalar
23.276395728818112


# name: back
# type: scalar
21.927422216067573


# name: all
# type: scalar
22.593293833672803






# name: piExpstring
# type: sq_string
# elements: 0


# name: piRungon
# type: string
# elements: 0


# name: piTenor
# type: sq_string
# elements: 1
# length: 2
12


# name: piNumBellsRinging
# type: sq_string
# elements: 1
# length: 2
12




