# Created by Octave 5.2.0, Tue Jun 16 20:21:32 2026 GMT <unknown@JulianLaptop2>
# name: TouchDetails
# type: scalar struct
# ndims: 2
 1 1
# length: 20
# name: piSourcefilename
# type: sq_string
# elements: 1
# length: 91
C:\Program Files (x86)\Ringing Software\hawkear_files\touches\redcliffe\20260616_touch1.wav


# name: piRingingdatetime
# type: sq_string
# elements: 1
# length: 13
20260616-2006


# name: piTower
# type: sq_string
# elements: 1
# length: 26
St Mary Redcliffe, Bristol


# name: piRingingname
# type: sq_string
# elements: 1
# length: 15
20260616 touch1


# name: piStdev
# type: scalar
25.311020934300686


# name: piStdevpercentStr
# type: sq_string
# elements: 1
# length: 4
11.7


# name: piStdevPct
# type: scalar
11.732872427045459


# name: piTouchlength
# type: scalar
252


# name: piPiecelength
# type: scalar
280


# name: piTouchDuration
# type: sq_string
# elements: 1
# length: 15
11 mins 17 secs


# name: piPieceDuration
# type: sq_string
# elements: 1
# length: 15
12 mins 33 secs


# name: piMethod
# type: sq_string
# elements: 1
# length: 15
Stedman Cinques


# name: piPealSpeed
# type: scalar struct
# ndims: 2
 1 1
# length: 2
# name: string
# type: sq_string
# elements: 1
# length: 13
3 hrs 46 mins


# name: numeric
# type: scalar
13534556.541089982




# name: piNBells
# type: scalar
12


# name: piRowsBadInPiece
# type: scalar
2


# name: piTouchFaults
# type: scalar struct
# ndims: 2
 1 1
# length: 2
# name: count
# type: scalar struct
# ndims: 2
 1 1
# length: 3
# name: hand
# type: scalar
52


# name: back
# type: scalar
57


# name: all
# type: scalar
109




# name: mean
# type: scalar struct
# ndims: 2
 1 1
# length: 3
# name: hand
# type: scalar
19.719651537407799


# name: back
# type: scalar
20.147564993211699


# name: all
# type: scalar
20.117488697906843






# name: piExpstring
# type: sq_string
# elements: 0


# name: piRungon
# type: string
# elements: 0


# name: piTenor
# type: sq_string
# elements: 1
# length: 2
12


# name: piNumBellsRinging
# type: sq_string
# elements: 1
# length: 2
12




