# Created by Octave 5.2.0, Sun May 17 09:23:46 2026 GMT <unknown@JulianLaptop2>
# name: TouchDetails
# type: scalar struct
# ndims: 2
 1 1
# length: 20
# name: piSourcefilename
# type: sq_string
# elements: 1
# length: 91
C:\Program Files (x86)\Ringing Software\hawkear_files\touches\redcliffe\20260517_touch1.wav


# name: piRingingdatetime
# type: sq_string
# elements: 1
# length: 13
20260517-0921


# name: piTower
# type: sq_string
# elements: 1
# length: 26
St Mary Redcliffe, Bristol


# name: piRingingname
# type: sq_string
# elements: 1
# length: 15
20260517 touch1


# name: piStdev
# type: scalar
26.895058173060644


# name: piStdevpercentStr
# type: sq_string
# elements: 1
# length: 4
11.2


# name: piStdevPct
# type: scalar
11.218901271267359


# name: piTouchlength
# type: scalar
252


# name: piPiecelength
# type: scalar
282


# name: piTouchDuration
# type: sq_string
# elements: 1
# length: 15
12 mins 31 secs


# name: piPieceDuration
# type: sq_string
# elements: 1
# length: 14
14 mins 2 secs


# name: piMethod
# type: sq_string
# elements: 1
# length: 15
Stedman Cinques


# name: piPealSpeed
# type: scalar struct
# ndims: 2
 1 1
# length: 2
# name: string
# type: sq_string
# elements: 1
# length: 13
4 hrs 10 mins


# name: numeric
# type: scalar
15029059.686298158




# name: piNBells
# type: scalar
12


# name: piRowsBadInPiece
# type: scalar
4


# name: piTouchFaults
# type: scalar struct
# ndims: 2
 1 1
# length: 2
# name: count
# type: scalar struct
# ndims: 2
 1 1
# length: 3
# name: hand
# type: scalar
38


# name: back
# type: scalar
39


# name: all
# type: scalar
77




# name: mean
# type: scalar struct
# ndims: 2
 1 1
# length: 3
# name: hand
# type: scalar
21.546406747282003


# name: back
# type: scalar
21.046347669331134


# name: all
# type: scalar
21.364646649302959






# name: piExpstring
# type: sq_string
# elements: 0


# name: piRungon
# type: string
# elements: 0


# name: piTenor
# type: sq_string
# elements: 1
# length: 2
12


# name: piNumBellsRinging
# type: sq_string
# elements: 1
# length: 2
12




