# Created by Octave 5.2.0, Tue Mar 17 20:32:37 2026 GMT <unknown@JulianLaptop2>
# name: TouchDetails
# type: scalar struct
# ndims: 2
 1 1
# length: 20
# name: piSourcefilename
# type: sq_string
# elements: 1
# length: 91
C:\Program Files (x86)\Ringing Software\hawkear_files\touches\redcliffe\20260317_touch3.wav


# name: piRingingdatetime
# type: sq_string
# elements: 1
# length: 13
20260317-2032


# name: piTower
# type: sq_string
# elements: 1
# length: 26
St Mary Redcliffe, Bristol


# name: piRingingname
# type: sq_string
# elements: 1
# length: 15
20260317 touch3


# name: piStdev
# type: scalar
26.189990008631597


# name: piStdevpercentStr
# type: sq_string
# elements: 1
# length: 4
11.6


# name: piStdevPct
# type: scalar
11.60229419741014


# name: piTouchlength
# type: scalar
269


# name: piPiecelength
# type: scalar
300


# name: piTouchDuration
# type: sq_string
# elements: 1
# length: 15
12 mins 35 secs


# name: piPieceDuration
# type: sq_string
# elements: 1
# length: 14
14 mins 3 secs


# name: piMethod
# type: sq_string
# elements: 1
# length: 15
Stedman Cinques


# name: piPealSpeed
# type: scalar struct
# ndims: 2
 1 1
# length: 2
# name: string
# type: sq_string
# elements: 1
# length: 13
3 hrs 56 mins


# name: numeric
# type: scalar
14154505.935514126




# name: piNBells
# type: scalar
12


# name: piRowsBadInPiece
# type: scalar
2


# name: piTouchFaults
# type: scalar struct
# ndims: 2
 1 1
# length: 2
# name: count
# type: scalar struct
# ndims: 2
 1 1
# length: 3
# name: hand
# type: scalar
60


# name: back
# type: scalar
42


# name: all
# type: scalar
102




# name: mean
# type: scalar struct
# ndims: 2
 1 1
# length: 3
# name: hand
# type: scalar
21.417347661324968


# name: back
# type: scalar
19.450147935039261


# name: all
# type: scalar
20.553556858823651






# name: piExpstring
# type: sq_string
# elements: 0


# name: piRungon
# type: string
# elements: 0


# name: piTenor
# type: sq_string
# elements: 1
# length: 2
12


# name: piNumBellsRinging
# type: sq_string
# elements: 1
# length: 2
12




