# Created by Octave 5.2.0, Sun Jul 13 16:40:26 2025 GMT <unknown@LAPTOP-71I6BV7B>
# name: TouchDetails
# type: scalar struct
# ndims: 2
 1 1
# length: 20
# name: piSourcefilename
# type: sq_string
# elements: 1
# length: 54
C:\Users\jools\HawkEarFiles\Recordings\touch1_13th.wav


# name: piRingingdatetime
# type: sq_string
# elements: 1
# length: 13
20250713-1622


# name: piTower
# type: sq_string
# elements: 1
# length: 9
Redcliffe


# name: piRingingname
# type: sq_string
# elements: 1
# length: 11
Touch1 13th


# name: piStdev
# type: scalar
28.75664060722627


# name: piStdevpercentStr
# type: sq_string
# elements: 1
# length: 4
13.0


# name: piStdevPct
# type: scalar
12.980635505198128


# name: piTouchlength
# type: scalar
255


# name: piPiecelength
# type: scalar
304


# name: piTouchDuration
# type: sq_string
# elements: 1
# length: 15
11 mins 42 secs


# name: piPieceDuration
# type: sq_string
# elements: 1
# length: 15
13 mins 58 secs


# name: piMethod
# type: sq_string
# elements: 1
# length: 15
Stedman Cinques


# name: piPealSpeed
# type: scalar struct
# ndims: 2
 1 1
# length: 2
# name: string
# type: sq_string
# elements: 1
# length: 13
3 hrs 51 mins


# name: numeric
# type: scalar
13869070.502788704




# name: piNBells
# type: scalar
12


# name: piRowsBadInPiece
# type: scalar
2


# name: piTouchFaults
# type: scalar struct
# ndims: 2
 1 1
# length: 2
# name: count
# type: scalar struct
# ndims: 2
 1 1
# length: 3
# name: hand
# type: scalar
107


# name: back
# type: scalar
51


# name: all
# type: scalar
158




# name: mean
# type: scalar struct
# ndims: 2
 1 1
# length: 3
# name: hand
# type: scalar
25.043957599746605


# name: back
# type: scalar
20.476885280191265


# name: all
# type: scalar
22.640392804715905






# name: piExpstring
# type: sq_string
# elements: 0


# name: piRungon
# type: string
# elements: 0


# name: piTenor
# type: sq_string
# elements: 1
# length: 2
12


# name: piNumBellsRinging
# type: sq_string
# elements: 1
# length: 2
12




