# Created by Octave 5.2.0, Mon Jul 13 09:24:44 2026 GMT <unknown@JulianLaptop2>
# name: TouchDetails
# type: scalar struct
# ndims: 2
 1 1
# length: 20
# name: piSourcefilename
# type: sq_string
# elements: 1
# length: 91
C:\Program Files (x86)\Ringing Software\hawkear_files\touches\redcliffe\20260712_touch2.wav


# name: piRingingdatetime
# type: sq_string
# elements: 1
# length: 13
20260713-0921


# name: piTower
# type: sq_string
# elements: 1
# length: 26
St Mary Redcliffe, Bristol


# name: piRingingname
# type: sq_string
# elements: 1
# length: 15
20260712 touch2


# name: piStdev
# type: scalar
27.290792978602106


# name: piStdevpercentStr
# type: sq_string
# elements: 1
# length: 4
12.0


# name: piStdevPct
# type: scalar
11.958022309595487


# name: piTouchlength
# type: scalar
288


# name: piPiecelength
# type: scalar
314


# name: piTouchDuration
# type: sq_string
# elements: 1
# length: 15
13 mins 36 secs


# name: piPieceDuration
# type: sq_string
# elements: 1
# length: 15
14 mins 51 secs


# name: piMethod
# type: sq_string
# elements: 1
# length: 26
Cambridge Surprise Maximus


# name: piPealSpeed
# type: scalar struct
# ndims: 2
 1 1
# length: 2
# name: string
# type: sq_string
# elements: 1
# length: 13
3 hrs 58 mins


# name: numeric
# type: scalar
14283386.140730321




# name: piNBells
# type: scalar
12


# name: piRowsBadInPiece
# type: scalar
3


# name: piTouchFaults
# type: scalar struct
# ndims: 2
 1 1
# length: 2
# name: count
# type: scalar struct
# ndims: 2
 1 1
# length: 3
# name: hand
# type: scalar
71


# name: back
# type: scalar
71


# name: all
# type: scalar
142




# name: mean
# type: scalar struct
# ndims: 2
 1 1
# length: 3
# name: hand
# type: scalar
21.680844867377193


# name: back
# type: scalar
21.156452642733377


# name: all
# type: scalar
21.395120015064474






# name: piExpstring
# type: sq_string
# elements: 0


# name: piRungon
# type: string
# elements: 0


# name: piTenor
# type: sq_string
# elements: 1
# length: 2
12


# name: piNumBellsRinging
# type: sq_string
# elements: 1
# length: 2
12




