# Created by Octave 5.2.0, Sun May 10 16:29:16 2026 GMT <unknown@JulianLaptop2>
# name: TouchDetails
# type: scalar struct
# ndims: 2
 1 1
# length: 20
# name: piSourcefilename
# type: sq_string
# elements: 1
# length: 91
C:\Program Files (x86)\Ringing Software\hawkear_files\touches\redcliffe\20260510_touch1.wav


# name: piRingingdatetime
# type: sq_string
# elements: 1
# length: 13
20260510-1628


# name: piTower
# type: sq_string
# elements: 1
# length: 26
St Mary Redcliffe, Bristol


# name: piRingingname
# type: sq_string
# elements: 1
# length: 15
20260510 touch1


# name: piStdev
# type: scalar
25.715385256823541


# name: piStdevpercentStr
# type: sq_string
# elements: 1
# length: 4
11.4


# name: piStdevPct
# type: scalar
11.423608933994133


# name: piTouchlength
# type: scalar
252


# name: piPiecelength
# type: scalar
278


# name: piTouchDuration
# type: sq_string
# elements: 1
# length: 15
11 mins 46 secs


# name: piPieceDuration
# type: sq_string
# elements: 1
# length: 15
12 mins 60 secs


# name: piMethod
# type: sq_string
# elements: 1
# length: 15
Stedman Cinques


# name: piPealSpeed
# type: scalar struct
# ndims: 2
 1 1
# length: 2
# name: string
# type: sq_string
# elements: 1
# length: 13
3 hrs 55 mins


# name: numeric
# type: scalar
14115393.372567695




# name: piNBells
# type: scalar
12


# name: piRowsBadInPiece
# type: scalar
4


# name: piTouchFaults
# type: scalar struct
# ndims: 2
 1 1
# length: 2
# name: count
# type: scalar struct
# ndims: 2
 1 1
# length: 3
# name: hand
# type: scalar
45


# name: back
# type: scalar
47


# name: all
# type: scalar
92




# name: mean
# type: scalar struct
# ndims: 2
 1 1
# length: 3
# name: hand
# type: scalar
20.508617263759902


# name: back
# type: scalar
20.44846951606355


# name: all
# type: scalar
20.496392691190959






# name: piExpstring
# type: sq_string
# elements: 0


# name: piRungon
# type: string
# elements: 0


# name: piTenor
# type: sq_string
# elements: 1
# length: 2
12


# name: piNumBellsRinging
# type: sq_string
# elements: 1
# length: 2
12




