# Created by Octave 5.2.0, Sun Feb 22 09:57:09 2026 GMT <unknown@JulianLaptop2>
# name: TouchDetails
# type: scalar struct
# ndims: 2
 1 1
# length: 20
# name: piSourcefilename
# type: sq_string
# elements: 1
# length: 91
C:\Program Files (x86)\Ringing Software\hawkear_files\touches\redcliffe\20260222_touch2.wav


# name: piRingingdatetime
# type: sq_string
# elements: 1
# length: 13
20260222-0900


# name: piTower
# type: sq_string
# elements: 1
# length: 26
St Mary Redcliffe, Bristol


# name: piRingingname
# type: sq_string
# elements: 1
# length: 15
20260222 touch2


# name: piStdev
# type: scalar
26.517100655957179


# name: piStdevpercentStr
# type: sq_string
# elements: 1
# length: 4
12.0


# name: piStdevPct
# type: scalar
11.975471838765786


# name: piTouchlength
# type: scalar
152


# name: piPiecelength
# type: scalar
174


# name: piTouchDuration
# type: sq_string
# elements: 1
# length: 14
6 mins 58 secs


# name: piPieceDuration
# type: sq_string
# elements: 1
# length: 14
7 mins 60 secs


# name: piMethod
# type: sq_string
# elements: 1
# length: 15
Stedman Cinques


# name: piPealSpeed
# type: scalar struct
# ndims: 2
 1 1
# length: 2
# name: string
# type: sq_string
# elements: 1
# length: 13
3 hrs 51 mins


# name: numeric
# type: scalar
13864462.017267231




# name: piNBells
# type: scalar
12


# name: piRowsBadInPiece
# type: scalar
3


# name: piTouchFaults
# type: scalar struct
# ndims: 2
 1 1
# length: 2
# name: count
# type: scalar struct
# ndims: 2
 1 1
# length: 3
# name: hand
# type: scalar
43


# name: back
# type: scalar
26


# name: all
# type: scalar
69




# name: mean
# type: scalar struct
# ndims: 2
 1 1
# length: 3
# name: hand
# type: scalar
21.484147499091957


# name: back
# type: scalar
20.187323352522892


# name: all
# type: scalar
20.87998380186044






# name: piExpstring
# type: sq_string
# elements: 0


# name: piRungon
# type: string
# elements: 0


# name: piTenor
# type: sq_string
# elements: 1
# length: 2
12


# name: piNumBellsRinging
# type: sq_string
# elements: 1
# length: 2
12




