# Created by Octave 5.2.0, Sun Feb 08 17:19:50 2026 GMT <unknown@JulianLaptop2>
# name: TouchDetails
# type: scalar struct
# ndims: 2
 1 1
# length: 20
# name: piSourcefilename
# type: sq_string
# elements: 1
# length: 91
C:\Program Files (x86)\Ringing Software\hawkear_files\touches\redcliffe\20260208_touch5.wav


# name: piRingingdatetime
# type: sq_string
# elements: 1
# length: 13
20260208-1719


# name: piTower
# type: sq_string
# elements: 1
# length: 26
St Mary Redcliffe, Bristol


# name: piRingingname
# type: sq_string
# elements: 1
# length: 15
20260208 touch5


# name: piStdev
# type: scalar
28.966291587042193


# name: piStdevpercentStr
# type: sq_string
# elements: 1
# length: 4
13.0


# name: piStdevPct
# type: scalar
13.025927586521014


# name: piTouchlength
# type: scalar
269


# name: piPiecelength
# type: scalar
300


# name: piTouchDuration
# type: sq_string
# elements: 1
# length: 15
12 mins 25 secs


# name: piPieceDuration
# type: sq_string
# elements: 1
# length: 15
13 mins 52 secs


# name: piMethod
# type: sq_string
# elements: 1
# length: 15
Stedman Cinques


# name: piPealSpeed
# type: scalar struct
# ndims: 2
 1 1
# length: 2
# name: string
# type: sq_string
# elements: 1
# length: 13
3 hrs 53 mins


# name: numeric
# type: scalar
13960013.680290267




# name: piNBells
# type: scalar
12


# name: piRowsBadInPiece
# type: scalar
2


# name: piTouchFaults
# type: scalar struct
# ndims: 2
 1 1
# length: 2
# name: count
# type: scalar struct
# ndims: 2
 1 1
# length: 3
# name: hand
# type: scalar
104


# name: back
# type: scalar
82


# name: all
# type: scalar
186




# name: mean
# type: scalar struct
# ndims: 2
 1 1
# length: 3
# name: hand
# type: scalar
24.218851605322108


# name: back
# type: scalar
22.057567376738472


# name: all
# type: scalar
22.990584613502644






# name: piExpstring
# type: sq_string
# elements: 0


# name: piRungon
# type: string
# elements: 0


# name: piTenor
# type: sq_string
# elements: 1
# length: 2
12


# name: piNumBellsRinging
# type: sq_string
# elements: 1
# length: 2
12




