# Created by Octave 5.2.0, Sun Feb 08 16:09:10 2026 GMT <unknown@JulianLaptop2>
# name: TouchDetails
# type: scalar struct
# ndims: 2
 1 1
# length: 20
# name: piSourcefilename
# type: sq_string
# elements: 1
# length: 91
C:\Program Files (x86)\Ringing Software\hawkear_files\touches\redcliffe\20260208_touch1.wav


# name: piRingingdatetime
# type: sq_string
# elements: 1
# length: 13
20260208-1608


# name: piTower
# type: sq_string
# elements: 1
# length: 26
St Mary Redcliffe, Bristol


# name: piRingingname
# type: sq_string
# elements: 1
# length: 15
20260208 touch1


# name: piStdev
# type: scalar
28.046629999877624


# name: piStdevpercentStr
# type: sq_string
# elements: 1
# length: 4
13.0


# name: piStdevPct
# type: scalar
13.034011211735024


# name: piTouchlength
# type: scalar
269


# name: piPiecelength
# type: scalar
298


# name: piTouchDuration
# type: sq_string
# elements: 1
# length: 14
12 mins 0 secs


# name: piPieceDuration
# type: sq_string
# elements: 1
# length: 15
13 mins 19 secs


# name: piMethod
# type: sq_string
# elements: 1
# length: 15
Stedman Cinques


# name: piPealSpeed
# type: scalar struct
# ndims: 2
 1 1
# length: 2
# name: string
# type: sq_string
# elements: 1
# length: 13
3 hrs 45 mins


# name: numeric
# type: scalar
13493395.34896726




# name: piNBells
# type: scalar
12


# name: piRowsBadInPiece
# type: scalar
2


# name: piTouchFaults
# type: scalar struct
# ndims: 2
 1 1
# length: 2
# name: count
# type: scalar struct
# ndims: 2
 1 1
# length: 3
# name: hand
# type: scalar
108


# name: back
# type: scalar
74


# name: all
# type: scalar
182




# name: mean
# type: scalar struct
# ndims: 2
 1 1
# length: 3
# name: hand
# type: scalar
23.11846339816951


# name: back
# type: scalar
21.184881473734276


# name: all
# type: scalar
22.166376580834854






# name: piExpstring
# type: sq_string
# elements: 0


# name: piRungon
# type: string
# elements: 0


# name: piTenor
# type: sq_string
# elements: 1
# length: 2
12


# name: piNumBellsRinging
# type: sq_string
# elements: 1
# length: 2
12




