# Created by Octave 5.2.0, Sun May 10 16:46:44 2026 GMT <unknown@JulianLaptop2>
# name: TouchDetails
# type: scalar struct
# ndims: 2
 1 1
# length: 20
# name: piSourcefilename
# type: sq_string
# elements: 1
# length: 91
C:\Program Files (x86)\Ringing Software\hawkear_files\touches\redcliffe\20260510_touch2.wav


# name: piRingingdatetime
# type: sq_string
# elements: 1
# length: 13
20260510-1646


# name: piTower
# type: sq_string
# elements: 1
# length: 26
St Mary Redcliffe, Bristol


# name: piRingingname
# type: sq_string
# elements: 1
# length: 15
20260510 touch2


# name: piStdev
# type: scalar
24.803010908660696


# name: piStdevpercentStr
# type: sq_string
# elements: 1
# length: 4
10.9


# name: piStdevPct
# type: scalar
10.922295574488283


# name: piTouchlength
# type: scalar
252


# name: piPiecelength
# type: scalar
280


# name: piTouchDuration
# type: sq_string
# elements: 1
# length: 15
11 mins 52 secs


# name: piPieceDuration
# type: sq_string
# elements: 1
# length: 15
13 mins 12 secs


# name: piMethod
# type: sq_string
# elements: 1
# length: 15
Stedman Cinques


# name: piPealSpeed
# type: scalar struct
# ndims: 2
 1 1
# length: 2
# name: string
# type: sq_string
# elements: 1
# length: 13
3 hrs 57 mins


# name: numeric
# type: scalar
14232543.050929243




# name: piNBells
# type: scalar
12


# name: piRowsBadInPiece
# type: scalar
4


# name: piTouchFaults
# type: scalar struct
# ndims: 2
 1 1
# length: 2
# name: count
# type: scalar struct
# ndims: 2
 1 1
# length: 3
# name: hand
# type: scalar
33


# name: back
# type: scalar
27


# name: all
# type: scalar
60




# name: mean
# type: scalar struct
# ndims: 2
 1 1
# length: 3
# name: hand
# type: scalar
20.334177922235551


# name: back
# type: scalar
19.342525314343927


# name: all
# type: scalar
19.844975837588823






# name: piExpstring
# type: sq_string
# elements: 0


# name: piRungon
# type: string
# elements: 0


# name: piTenor
# type: sq_string
# elements: 1
# length: 2
12


# name: piNumBellsRinging
# type: sq_string
# elements: 1
# length: 2
12




