# Created by Octave 5.2.0, Fri Oct 17 18:13:41 2025 GMT <unknown@JulianLaptop2>
# name: TouchDetails
# type: scalar struct
# ndims: 2
 1 1
# length: 20
# name: piSourcefilename
# type: sq_string
# elements: 1
# length: 91
C:\Program Files (x86)\Ringing Software\hawkear_files\touches\redcliffe\20251012_touch4.wav


# name: piRingingdatetime
# type: sq_string
# elements: 1
# length: 13
20251017-1410


# name: piTower
# type: sq_string
# elements: 1
# length: 26
St Mary Redcliffe, Bristol


# name: piRingingname
# type: sq_string
# elements: 1
# length: 15
20251012 touch4


# name: piStdev
# type: scalar
28.038272799781343


# name: piStdevpercentStr
# type: sq_string
# elements: 1
# length: 4
12.5


# name: piStdevPct
# type: scalar
12.475620162060627


# name: piTouchlength
# type: scalar
252


# name: piPiecelength
# type: scalar
286


# name: piTouchDuration
# type: sq_string
# elements: 1
# length: 15
11 mins 46 secs


# name: piPieceDuration
# type: sq_string
# elements: 1
# length: 15
13 mins 23 secs


# name: piMethod
# type: sq_string
# elements: 1
# length: 15
Stedman Cinques


# name: piPealSpeed
# type: scalar struct
# ndims: 2
 1 1
# length: 2
# name: string
# type: sq_string
# elements: 1
# length: 13
3 hrs 55 mins


# name: numeric
# type: scalar
14127922.284596149




# name: piNBells
# type: scalar
12


# name: piRowsBadInPiece
# type: scalar
2


# name: piTouchFaults
# type: scalar struct
# ndims: 2
 1 1
# length: 2
# name: count
# type: scalar struct
# ndims: 2
 1 1
# length: 3
# name: hand
# type: scalar
82


# name: back
# type: scalar
66


# name: all
# type: scalar
148




# name: mean
# type: scalar struct
# ndims: 2
 1 1
# length: 3
# name: hand
# type: scalar
23.413085726979691


# name: back
# type: scalar
20.824379530223418


# name: all
# type: scalar
21.858822105199078






# name: piExpstring
# type: sq_string
# elements: 0


# name: piRungon
# type: string
# elements: 0


# name: piTenor
# type: sq_string
# elements: 1
# length: 2
12


# name: piNumBellsRinging
# type: sq_string
# elements: 1
# length: 2
12




