# Created by Octave 5.2.0, Sun Jun 14 09:28:36 2026 GMT <unknown@JulianLaptop2>
# name: TouchDetails
# type: scalar struct
# ndims: 2
 1 1
# length: 20
# name: piSourcefilename
# type: sq_string
# elements: 1
# length: 91
C:\Program Files (x86)\Ringing Software\hawkear_files\touches\redcliffe\20260614_touch2.wav


# name: piRingingdatetime
# type: sq_string
# elements: 1
# length: 13
20260614-0911


# name: piTower
# type: sq_string
# elements: 1
# length: 26
St Mary Redcliffe, Bristol


# name: piRingingname
# type: sq_string
# elements: 1
# length: 15
20260614 touch2


# name: piStdev
# type: scalar
24.731947706070329


# name: piStdevpercentStr
# type: sq_string
# elements: 1
# length: 4
11.1


# name: piStdevPct
# type: scalar
11.106508089322725


# name: piTouchlength
# type: scalar
252


# name: piPiecelength
# type: scalar
286


# name: piTouchDuration
# type: sq_string
# elements: 1
# length: 15
11 mins 38 secs


# name: piPieceDuration
# type: sq_string
# elements: 1
# length: 15
13 mins 13 secs


# name: piMethod
# type: sq_string
# elements: 1
# length: 15
Stedman Cinques


# name: piPealSpeed
# type: scalar struct
# ndims: 2
 1 1
# length: 2
# name: string
# type: sq_string
# elements: 1
# length: 13
3 hrs 53 mins


# name: numeric
# type: scalar
13962396.773348365




# name: piNBells
# type: scalar
12


# name: piRowsBadInPiece
# type: scalar
4


# name: piTouchFaults
# type: scalar struct
# ndims: 2
 1 1
# length: 2
# name: count
# type: scalar struct
# ndims: 2
 1 1
# length: 3
# name: hand
# type: scalar
51


# name: back
# type: scalar
26


# name: all
# type: scalar
77




# name: mean
# type: scalar struct
# ndims: 2
 1 1
# length: 3
# name: hand
# type: scalar
20.228288361303694


# name: back
# type: scalar
18.404485706505326


# name: all
# type: scalar
19.495447444295415






# name: piExpstring
# type: sq_string
# elements: 0


# name: piRungon
# type: string
# elements: 0


# name: piTenor
# type: sq_string
# elements: 1
# length: 2
12


# name: piNumBellsRinging
# type: sq_string
# elements: 1
# length: 2
12




