# Created by Octave 5.2.0, Sun Jul 13 13:23:53 2025 GMT <unknown@LAPTOP-71I6BV7B>
# name: TouchDetails
# type: scalar struct
# ndims: 2
 1 1
# length: 20
# name: piSourcefilename
# type: sq_string
# elements: 1
# length: 52
C:\Users\jools\HawkEarFiles\Recordings\bham_2019.mp3


# name: piRingingdatetime
# type: sq_string
# elements: 1
# length: 13
20240908-1433


# name: piTower
# type: sq_string
# elements: 1
# length: 9
Redcliffe


# name: piRingingname
# type: sq_string
# elements: 1
# length: 9
Bham 2019


# name: piStdev
# type: scalar
24.773543722981632


# name: piStdevpercentStr
# type: sq_string
# elements: 1
# length: 4
11.1


# name: piStdevPct
# type: scalar
11.061908093705426


# name: piTouchlength
# type: scalar
252


# name: piPiecelength
# type: scalar
278


# name: piTouchDuration
# type: sq_string
# elements: 1
# length: 15
11 mins 43 secs


# name: piPieceDuration
# type: sq_string
# elements: 1
# length: 15
12 mins 54 secs


# name: piMethod
# type: sq_string
# elements: 1
# length: 15
Stedman Cinques


# name: piPealSpeed
# type: scalar struct
# ndims: 2
 1 1
# length: 2
# name: string
# type: sq_string
# elements: 1
# length: 13
3 hrs 54 mins


# name: numeric
# type: scalar
14053461.996051474




# name: piNBells
# type: scalar
12


# name: piRowsBadInPiece
# type: scalar
4


# name: piTouchFaults
# type: scalar struct
# ndims: 2
 1 1
# length: 2
# name: count
# type: scalar struct
# ndims: 2
 1 1
# length: 3
# name: hand
# type: scalar
50


# name: back
# type: scalar
30


# name: all
# type: scalar
80




# name: mean
# type: scalar struct
# ndims: 2
 1 1
# length: 3
# name: hand
# type: scalar
20.632558820488644


# name: back
# type: scalar
18.327028795004203


# name: all
# type: scalar
19.379402870784769






# name: piExpstring
# type: sq_string
# elements: 0


# name: piRungon
# type: string
# elements: 0


# name: piTenor
# type: sq_string
# elements: 1
# length: 2
12


# name: piNumBellsRinging
# type: sq_string
# elements: 1
# length: 2
12




