# Created by Octave 5.2.0, Mon Apr 20 08:26:16 2026 GMT <unknown@JulianLaptop2>
# name: TouchDetails
# type: scalar struct
# ndims: 2
 1 1
# length: 20
# name: piSourcefilename
# type: sq_string
# elements: 1
# length: 37
C:\Users\jools\Desktop\york\york3.wav


# name: piRingingdatetime
# type: sq_string
# elements: 1
# length: 13
20260419-1506


# name: piTower
# type: sq_string
# elements: 1
# length: 12
York Minster


# name: piRingingname
# type: sq_string
# elements: 1
# length: 5
York3


# name: piStdev
# type: scalar
29.846818082623308


# name: piStdevpercentStr
# type: sq_string
# elements: 1
# length: 4
13.1


# name: piStdevPct
# type: scalar
13.090199670103971


# name: piTouchlength
# type: scalar
252


# name: piPiecelength
# type: scalar
278


# name: piTouchDuration
# type: sq_string
# elements: 1
# length: 15
11 mins 57 secs


# name: piPieceDuration
# type: sq_string
# elements: 1
# length: 15
13 mins 12 secs


# name: piMethod
# type: sq_string
# elements: 1
# length: 15
Stedman Cinques


# name: piPealSpeed
# type: scalar struct
# ndims: 2
 1 1
# length: 2
# name: string
# type: sq_string
# elements: 1
# length: 13
3 hrs 59 mins


# name: numeric
# type: scalar
14334459.145950526




# name: piNBells
# type: scalar
12


# name: piRowsBadInPiece
# type: scalar
7


# name: piTouchFaults
# type: scalar struct
# ndims: 2
 1 1
# length: 2
# name: count
# type: scalar struct
# ndims: 2
 1 1
# length: 3
# name: hand
# type: scalar
81


# name: back
# type: scalar
96


# name: all
# type: scalar
177




# name: mean
# type: scalar struct
# ndims: 2
 1 1
# length: 3
# name: hand
# type: scalar
23.674379877578136


# name: back
# type: scalar
23.110379256314797


# name: all
# type: scalar
23.30052475930535






# name: piExpstring
# type: sq_string
# elements: 0


# name: piRungon
# type: sq_string
# elements: 1
# length: 6
All 12


# name: piTenor
# type: sq_string
# elements: 1
# length: 2
12


# name: piNumBellsRinging
# type: sq_string
# elements: 1
# length: 2
12




