# Created by Octave 5.2.0, Sun Apr 19 17:13:12 2026 GMT <unknown@JulianLaptop2>
# name: TouchDetails
# type: scalar struct
# ndims: 2
 1 1
# length: 20
# name: piSourcefilename
# type: sq_string
# elements: 1
# length: 37
C:\Users\jools\Desktop\york\york3.wav


# name: piRingingdatetime
# type: sq_string
# elements: 1
# length: 13
20260419-1506


# name: piTower
# type: sq_string
# elements: 1
# length: 12
York Minster


# name: piRingingname
# type: sq_string
# elements: 1
# length: 5
York3


# name: piStdev
# type: scalar
30.227670144625602


# name: piStdevpercentStr
# type: sq_string
# elements: 1
# length: 4
13.3


# name: piStdevPct
# type: scalar
13.252639137037889


# name: piTouchlength
# type: scalar
252


# name: piPiecelength
# type: scalar
278


# name: piTouchDuration
# type: sq_string
# elements: 1
# length: 15
11 mins 57 secs


# name: piPieceDuration
# type: sq_string
# elements: 1
# length: 15
13 mins 12 secs


# name: piMethod
# type: sq_string
# elements: 1
# length: 15
Stedman Cinques


# name: piPealSpeed
# type: scalar struct
# ndims: 2
 1 1
# length: 2
# name: string
# type: sq_string
# elements: 1
# length: 13
3 hrs 59 mins


# name: numeric
# type: scalar
14334601.318764629




# name: piNBells
# type: scalar
12


# name: piRowsBadInPiece
# type: scalar
5


# name: piTouchFaults
# type: scalar struct
# ndims: 2
 1 1
# length: 2
# name: count
# type: scalar struct
# ndims: 2
 1 1
# length: 3
# name: hand
# type: scalar
90


# name: back
# type: scalar
97


# name: all
# type: scalar
187




# name: mean
# type: scalar struct
# ndims: 2
 1 1
# length: 3
# name: hand
# type: scalar
24.119876988233052


# name: back
# type: scalar
23.65829352915798


# name: all
# type: scalar
23.701937641741818






# name: piExpstring
# type: sq_string
# elements: 0


# name: piRungon
# type: sq_string
# elements: 1
# length: 6
All 12


# name: piTenor
# type: sq_string
# elements: 1
# length: 2
12


# name: piNumBellsRinging
# type: sq_string
# elements: 1
# length: 2
12




