# Created by Octave 5.2.0, Sun May 10 17:21:31 2026 GMT <unknown@JulianLaptop2>
# name: TouchDetails
# type: scalar struct
# ndims: 2
 1 1
# length: 20
# name: piSourcefilename
# type: sq_string
# elements: 1
# length: 91
C:\Program Files (x86)\Ringing Software\hawkear_files\touches\redcliffe\20260510_touch4.wav


# name: piRingingdatetime
# type: sq_string
# elements: 1
# length: 13
20260510-1720


# name: piTower
# type: sq_string
# elements: 1
# length: 26
St Mary Redcliffe, Bristol


# name: piRingingname
# type: sq_string
# elements: 1
# length: 15
20260510 touch4


# name: piStdev
# type: scalar
24.372288231567456


# name: piStdevpercentStr
# type: sq_string
# elements: 1
# length: 4
10.8


# name: piStdevPct
# type: scalar
10.759781432308053


# name: piTouchlength
# type: scalar
252


# name: piPiecelength
# type: scalar
278


# name: piTouchDuration
# type: sq_string
# elements: 1
# length: 15
11 mins 49 secs


# name: piPieceDuration
# type: sq_string
# elements: 1
# length: 14
13 mins 3 secs


# name: piMethod
# type: sq_string
# elements: 1
# length: 15
Stedman Cinques


# name: piPealSpeed
# type: scalar struct
# ndims: 2
 1 1
# length: 2
# name: string
# type: sq_string
# elements: 1
# length: 13
3 hrs 56 mins


# name: numeric
# type: scalar
14183102.971974138




# name: piNBells
# type: scalar
12


# name: piRowsBadInPiece
# type: scalar
2


# name: piTouchFaults
# type: scalar struct
# ndims: 2
 1 1
# length: 2
# name: count
# type: scalar struct
# ndims: 2
 1 1
# length: 3
# name: hand
# type: scalar
34


# name: back
# type: scalar
27


# name: all
# type: scalar
61




# name: mean
# type: scalar struct
# ndims: 2
 1 1
# length: 3
# name: hand
# type: scalar
19.541045568292844


# name: back
# type: scalar
18.739672693962728


# name: all
# type: scalar
19.028857271554973






# name: piExpstring
# type: sq_string
# elements: 0


# name: piRungon
# type: string
# elements: 0


# name: piTenor
# type: sq_string
# elements: 1
# length: 2
12


# name: piNumBellsRinging
# type: sq_string
# elements: 1
# length: 2
12




