# Created by Octave 5.2.0, Sun Mar 08 18:25:34 2026 GMT <unknown@JulianLaptop2>
# name: TouchDetails
# type: scalar struct
# ndims: 2
 1 1
# length: 20
# name: piSourcefilename
# type: sq_string
# elements: 1
# length: 91
C:\Program Files (x86)\Ringing Software\hawkear_files\touches\redcliffe\20260308_touch5.wav


# name: piRingingdatetime
# type: sq_string
# elements: 1
# length: 13
20260308-1717


# name: piTower
# type: sq_string
# elements: 1
# length: 26
St Mary Redcliffe, Bristol


# name: piRingingname
# type: sq_string
# elements: 1
# length: 15
20260308 touch5


# name: piStdev
# type: scalar
26.879730845694439


# name: piStdevpercentStr
# type: sq_string
# elements: 1
# length: 4
11.8


# name: piStdevPct
# type: scalar
11.783909398163852


# name: piTouchlength
# type: scalar
269


# name: piPiecelength
# type: scalar
300


# name: piTouchDuration
# type: sq_string
# elements: 1
# length: 15
12 mins 43 secs


# name: piPieceDuration
# type: sq_string
# elements: 1
# length: 15
14 mins 11 secs


# name: piMethod
# type: sq_string
# elements: 1
# length: 15
Stedman Cinques


# name: piPealSpeed
# type: scalar struct
# ndims: 2
 1 1
# length: 2
# name: string
# type: sq_string
# elements: 1
# length: 13
3 hrs 58 mins


# name: numeric
# type: scalar
14298489.936259475




# name: piNBells
# type: scalar
12


# name: piRowsBadInPiece
# type: scalar
4


# name: piTouchFaults
# type: scalar struct
# ndims: 2
 1 1
# length: 2
# name: count
# type: scalar struct
# ndims: 2
 1 1
# length: 3
# name: hand
# type: scalar
69


# name: back
# type: scalar
47


# name: all
# type: scalar
116




# name: mean
# type: scalar struct
# ndims: 2
 1 1
# length: 3
# name: hand
# type: scalar
21.605429339427019


# name: back
# type: scalar
20.346276973671916


# name: all
# type: scalar
21.06727650329664






# name: piExpstring
# type: sq_string
# elements: 0


# name: piRungon
# type: string
# elements: 0


# name: piTenor
# type: sq_string
# elements: 1
# length: 2
12


# name: piNumBellsRinging
# type: sq_string
# elements: 1
# length: 2
12




