# Created by Octave 5.2.0, Sun Feb 08 17:02:12 2026 GMT <unknown@JulianLaptop2>
# name: TouchDetails
# type: scalar struct
# ndims: 2
 1 1
# length: 20
# name: piSourcefilename
# type: sq_string
# elements: 1
# length: 91
C:\Program Files (x86)\Ringing Software\hawkear_files\touches\redcliffe\20260208_touch4.wav


# name: piRingingdatetime
# type: sq_string
# elements: 1
# length: 13
20260208-1701


# name: piTower
# type: sq_string
# elements: 1
# length: 26
St Mary Redcliffe, Bristol


# name: piRingingname
# type: sq_string
# elements: 1
# length: 15
20260208 touch4


# name: piStdev
# type: scalar
28.061908504691921


# name: piStdevpercentStr
# type: sq_string
# elements: 1
# length: 4
12.7


# name: piStdevPct
# type: scalar
12.675120721808396


# name: piTouchlength
# type: scalar
269


# name: piPiecelength
# type: scalar
302


# name: piTouchDuration
# type: sq_string
# elements: 1
# length: 15
12 mins 22 secs


# name: piPieceDuration
# type: sq_string
# elements: 1
# length: 15
13 mins 54 secs


# name: piMethod
# type: sq_string
# elements: 1
# length: 15
Stedman Cinques


# name: piPealSpeed
# type: scalar struct
# ndims: 2
 1 1
# length: 2
# name: string
# type: sq_string
# elements: 1
# length: 13
3 hrs 52 mins


# name: numeric
# type: scalar
13897624.218982372




# name: piNBells
# type: scalar
12


# name: piRowsBadInPiece
# type: scalar
3


# name: piTouchFaults
# type: scalar struct
# ndims: 2
 1 1
# length: 2
# name: count
# type: scalar struct
# ndims: 2
 1 1
# length: 3
# name: hand
# type: scalar
81


# name: back
# type: scalar
73


# name: all
# type: scalar
154




# name: mean
# type: scalar struct
# ndims: 2
 1 1
# length: 3
# name: hand
# type: scalar
22.524441478593154


# name: back
# type: scalar
21.678087891632781


# name: all
# type: scalar
22.151548510342149






# name: piExpstring
# type: sq_string
# elements: 0


# name: piRungon
# type: string
# elements: 0


# name: piTenor
# type: sq_string
# elements: 1
# length: 2
12


# name: piNumBellsRinging
# type: sq_string
# elements: 1
# length: 2
12




