# Created by Octave 5.2.0, Sun May 10 17:05:33 2026 GMT <unknown@JulianLaptop2>
# name: TouchDetails
# type: scalar struct
# ndims: 2
 1 1
# length: 20
# name: piSourcefilename
# type: sq_string
# elements: 1
# length: 91
C:\Program Files (x86)\Ringing Software\hawkear_files\touches\redcliffe\20260510_touch3.wav


# name: piRingingdatetime
# type: sq_string
# elements: 1
# length: 13
20260510-1704


# name: piTower
# type: sq_string
# elements: 1
# length: 26
St Mary Redcliffe, Bristol


# name: piRingingname
# type: sq_string
# elements: 1
# length: 15
20260510 touch3


# name: piStdev
# type: scalar
24.248023717766625


# name: piStdevpercentStr
# type: sq_string
# elements: 1
# length: 4
10.7


# name: piStdevPct
# type: scalar
10.722323512735109


# name: piTouchlength
# type: scalar
252


# name: piPiecelength
# type: scalar
274


# name: piTouchDuration
# type: sq_string
# elements: 1
# length: 15
11 mins 49 secs


# name: piPieceDuration
# type: sq_string
# elements: 1
# length: 15
12 mins 53 secs


# name: piMethod
# type: sq_string
# elements: 1
# length: 15
Stedman Cinques


# name: piPealSpeed
# type: scalar struct
# ndims: 2
 1 1
# length: 2
# name: string
# type: sq_string
# elements: 1
# length: 13
3 hrs 56 mins


# name: numeric
# type: scalar
14189970.060866721




# name: piNBells
# type: scalar
12


# name: piRowsBadInPiece
# type: scalar
3


# name: piTouchFaults
# type: scalar struct
# ndims: 2
 1 1
# length: 2
# name: count
# type: scalar struct
# ndims: 2
 1 1
# length: 3
# name: hand
# type: scalar
38


# name: back
# type: scalar
22


# name: all
# type: scalar
60




# name: mean
# type: scalar struct
# ndims: 2
 1 1
# length: 3
# name: hand
# type: scalar
19.951204296105207


# name: back
# type: scalar
18.823227532980869


# name: all
# type: scalar
19.42933695289549






# name: piExpstring
# type: sq_string
# elements: 0


# name: piRungon
# type: string
# elements: 0


# name: piTenor
# type: sq_string
# elements: 1
# length: 2
12


# name: piNumBellsRinging
# type: sq_string
# elements: 1
# length: 2
12




