# Created by Octave 5.2.0, Fri Oct 17 14:28:11 2025 GMT <unknown@JulianLaptop2>
# name: TouchDetails
# type: scalar struct
# ndims: 2
 1 1
# length: 20
# name: piSourcefilename
# type: sq_string
# elements: 1
# length: 91
C:\Program Files (x86)\Ringing Software\hawkear_files\touches\redcliffe\20251012_touch1.wav


# name: piRingingdatetime
# type: sq_string
# elements: 1
# length: 13
20251017-1410


# name: piTower
# type: sq_string
# elements: 1
# length: 26
St Mary Redcliffe, Bristol


# name: piRingingname
# type: sq_string
# elements: 1
# length: 15
20251012 touch1


# name: piStdev
# type: scalar
26.998073419680377


# name: piStdevpercentStr
# type: sq_string
# elements: 1
# length: 4
12.6


# name: piStdevPct
# type: scalar
12.573598029779697


# name: piTouchlength
# type: scalar
252


# name: piPiecelength
# type: scalar
288


# name: piTouchDuration
# type: sq_string
# elements: 1
# length: 15
11 mins 15 secs


# name: piPieceDuration
# type: sq_string
# elements: 1
# length: 15
12 mins 55 secs


# name: piMethod
# type: sq_string
# elements: 1
# length: 15
Stedman Cinques


# name: piPealSpeed
# type: scalar struct
# ndims: 2
 1 1
# length: 2
# name: string
# type: sq_string
# elements: 1
# length: 13
3 hrs 45 mins


# name: numeric
# type: scalar
13507505.689652657




# name: piNBells
# type: scalar
12


# name: piRowsBadInPiece
# type: scalar
2


# name: piTouchFaults
# type: scalar struct
# ndims: 2
 1 1
# length: 2
# name: count
# type: scalar struct
# ndims: 2
 1 1
# length: 3
# name: hand
# type: scalar
73


# name: back
# type: scalar
75


# name: all
# type: scalar
148




# name: mean
# type: scalar struct
# ndims: 2
 1 1
# length: 3
# name: hand
# type: scalar
20.909931234411037


# name: back
# type: scalar
21.277006474329205


# name: all
# type: scalar
21.117259522231109






# name: piExpstring
# type: sq_string
# elements: 0


# name: piRungon
# type: string
# elements: 0


# name: piTenor
# type: sq_string
# elements: 1
# length: 2
12


# name: piNumBellsRinging
# type: sq_string
# elements: 1
# length: 2
12




