# Created by Octave 5.2.0, Tue Mar 17 20:14:18 2026 GMT <unknown@JulianLaptop2>
# name: TouchDetails
# type: scalar struct
# ndims: 2
 1 1
# length: 20
# name: piSourcefilename
# type: sq_string
# elements: 1
# length: 91
C:\Program Files (x86)\Ringing Software\hawkear_files\touches\redcliffe\20260317_touch2.wav


# name: piRingingdatetime
# type: sq_string
# elements: 1
# length: 13
20260317-2013


# name: piTower
# type: sq_string
# elements: 1
# length: 26
St Mary Redcliffe, Bristol


# name: piRingingname
# type: sq_string
# elements: 1
# length: 15
20260317 touch2


# name: piStdev
# type: scalar
27.015156070813603


# name: piStdevpercentStr
# type: sq_string
# elements: 1
# length: 4
12.0


# name: piStdevPct
# type: scalar
12.013122767997409


# name: piTouchlength
# type: scalar
269


# name: piPiecelength
# type: scalar
296


# name: piTouchDuration
# type: sq_string
# elements: 1
# length: 15
12 mins 33 secs


# name: piPieceDuration
# type: sq_string
# elements: 1
# length: 15
13 mins 48 secs


# name: piMethod
# type: sq_string
# elements: 1
# length: 15
Stedman Cinques


# name: piPealSpeed
# type: scalar struct
# ndims: 2
 1 1
# length: 2
# name: string
# type: sq_string
# elements: 1
# length: 13
3 hrs 55 mins


# name: numeric
# type: scalar
14100689.999931443




# name: piNBells
# type: scalar
12


# name: piRowsBadInPiece
# type: scalar
3


# name: piTouchFaults
# type: scalar struct
# ndims: 2
 1 1
# length: 2
# name: count
# type: scalar struct
# ndims: 2
 1 1
# length: 3
# name: hand
# type: scalar
71


# name: back
# type: scalar
54


# name: all
# type: scalar
125




# name: mean
# type: scalar struct
# ndims: 2
 1 1
# length: 3
# name: hand
# type: scalar
22.127775826989158


# name: back
# type: scalar
20.692530055596212


# name: all
# type: scalar
21.372894379689949






# name: piExpstring
# type: sq_string
# elements: 0


# name: piRungon
# type: string
# elements: 0


# name: piTenor
# type: sq_string
# elements: 1
# length: 2
12


# name: piNumBellsRinging
# type: sq_string
# elements: 1
# length: 2
12




