# Created by Octave 5.2.0, Sun Jun 14 09:27:26 2026 GMT <unknown@JulianLaptop2>
# name: TouchDetails
# type: scalar struct
# ndims: 2
 1 1
# length: 20
# name: piSourcefilename
# type: sq_string
# elements: 1
# length: 91
C:\Program Files (x86)\Ringing Software\hawkear_files\touches\redcliffe\20260614_touch1.wav


# name: piRingingdatetime
# type: sq_string
# elements: 1
# length: 13
20260614-0911


# name: piTower
# type: sq_string
# elements: 1
# length: 26
St Mary Redcliffe, Bristol


# name: piRingingname
# type: sq_string
# elements: 1
# length: 15
20260614 touch1


# name: piStdev
# type: scalar
26.425917744530274


# name: piStdevpercentStr
# type: sq_string
# elements: 1
# length: 4
11.8


# name: piStdevPct
# type: scalar
11.775000134042623


# name: piTouchlength
# type: scalar
252


# name: piPiecelength
# type: scalar
278


# name: piTouchDuration
# type: sq_string
# elements: 1
# length: 15
11 mins 45 secs


# name: piPieceDuration
# type: sq_string
# elements: 1
# length: 15
12 mins 58 secs


# name: piMethod
# type: sq_string
# elements: 1
# length: 15
Stedman Cinques


# name: piPealSpeed
# type: scalar struct
# ndims: 2
 1 1
# length: 2
# name: string
# type: sq_string
# elements: 1
# length: 13
3 hrs 55 mins


# name: numeric
# type: scalar
14092367.733375819




# name: piNBells
# type: scalar
12


# name: piRowsBadInPiece
# type: scalar
3


# name: piTouchFaults
# type: scalar struct
# ndims: 2
 1 1
# length: 2
# name: count
# type: scalar struct
# ndims: 2
 1 1
# length: 3
# name: hand
# type: scalar
68


# name: back
# type: scalar
46


# name: all
# type: scalar
114




# name: mean
# type: scalar struct
# ndims: 2
 1 1
# length: 3
# name: hand
# type: scalar
21.896904425332512


# name: back
# type: scalar
19.961172275841619


# name: all
# type: scalar
20.906922827736352






# name: piExpstring
# type: sq_string
# elements: 0


# name: piRungon
# type: string
# elements: 0


# name: piTenor
# type: sq_string
# elements: 1
# length: 2
12


# name: piNumBellsRinging
# type: sq_string
# elements: 1
# length: 2
12




