# Created by Octave 5.2.0, Fri Oct 17 18:10:26 2025 GMT <unknown@JulianLaptop2>
# name: TouchDetails
# type: scalar struct
# ndims: 2
 1 1
# length: 20
# name: piSourcefilename
# type: sq_string
# elements: 1
# length: 91
C:\Program Files (x86)\Ringing Software\hawkear_files\touches\redcliffe\20251012_touch3.wav


# name: piRingingdatetime
# type: sq_string
# elements: 1
# length: 13
20251017-1410


# name: piTower
# type: sq_string
# elements: 1
# length: 26
St Mary Redcliffe, Bristol


# name: piRingingname
# type: sq_string
# elements: 1
# length: 15
20251012 touch3


# name: piStdev
# type: scalar
29.605717370359478


# name: piStdevpercentStr
# type: sq_string
# elements: 1
# length: 4
13.5


# name: piStdevPct
# type: scalar
13.504090454821045


# name: piTouchlength
# type: scalar
252


# name: piPiecelength
# type: scalar
288


# name: piTouchDuration
# type: sq_string
# elements: 1
# length: 15
11 mins 30 secs


# name: piPieceDuration
# type: sq_string
# elements: 1
# length: 15
13 mins 10 secs


# name: piMethod
# type: sq_string
# elements: 1
# length: 15
Stedman Cinques


# name: piPealSpeed
# type: scalar struct
# ndims: 2
 1 1
# length: 2
# name: string
# type: sq_string
# elements: 1
# length: 13
3 hrs 50 mins


# name: numeric
# type: scalar
13791959.732811769




# name: piNBells
# type: scalar
12


# name: piRowsBadInPiece
# type: scalar
4


# name: piTouchFaults
# type: scalar struct
# ndims: 2
 1 1
# length: 2
# name: count
# type: scalar struct
# ndims: 2
 1 1
# length: 3
# name: hand
# type: scalar
124


# name: back
# type: scalar
56


# name: all
# type: scalar
180




# name: mean
# type: scalar struct
# ndims: 2
 1 1
# length: 3
# name: hand
# type: scalar
24.794876064131611


# name: back
# type: scalar
21.097581276219938


# name: all
# type: scalar
23.138147118788151






# name: piExpstring
# type: sq_string
# elements: 0


# name: piRungon
# type: string
# elements: 0


# name: piTenor
# type: sq_string
# elements: 1
# length: 2
12


# name: piNumBellsRinging
# type: sq_string
# elements: 1
# length: 2
12




