# Created by Octave 5.2.0, Tue Jan 20 13:40:55 2026 GMT <unknown@JulianLaptop2>
# name: TouchDetails
# type: scalar struct
# ndims: 2
 1 1
# length: 20
# name: piSourcefilename
# type: sq_string
# elements: 1
# length: 91
C:\Program Files (x86)\Ringing Software\hawkear_files\touches\redcliffe\20260118_touch3.wav


# name: piRingingdatetime
# type: sq_string
# elements: 1
# length: 13
20260118-0922


# name: piTower
# type: sq_string
# elements: 1
# length: 26
St Mary Redcliffe, Bristol


# name: piRingingname
# type: sq_string
# elements: 1
# length: 15
20260118 touch3


# name: piStdev
# type: scalar
29.233265897136022


# name: piStdevpercentStr
# type: sq_string
# elements: 1
# length: 4
13.5


# name: piStdevPct
# type: scalar
13.523995381137254


# name: piTouchlength
# type: scalar
120


# name: piPiecelength
# type: scalar
152


# name: piTouchDuration
# type: sq_string
# elements: 1
# length: 14
5 mins 22 secs


# name: piPieceDuration
# type: sq_string
# elements: 1
# length: 14
6 mins 49 secs


# name: piMethod
# type: sq_string
# elements: 1
# length: 15
Stedman Cinques


# name: piPealSpeed
# type: scalar struct
# ndims: 2
 1 1
# length: 2
# name: string
# type: sq_string
# elements: 1
# length: 13
3 hrs 46 mins


# name: numeric
# type: scalar
13534174.359676061




# name: piNBells
# type: scalar
12


# name: piRowsBadInPiece
# type: scalar
2


# name: piTouchFaults
# type: scalar struct
# ndims: 2
 1 1
# length: 2
# name: count
# type: scalar struct
# ndims: 2
 1 1
# length: 3
# name: hand
# type: scalar
58


# name: back
# type: scalar
32


# name: all
# type: scalar
90




# name: mean
# type: scalar struct
# ndims: 2
 1 1
# length: 3
# name: hand
# type: scalar
25.143043719372645


# name: back
# type: scalar
21.297640939661189


# name: all
# type: scalar
22.91331742529221






# name: piExpstring
# type: sq_string
# elements: 0


# name: piRungon
# type: string
# elements: 0


# name: piTenor
# type: sq_string
# elements: 1
# length: 2
12


# name: piNumBellsRinging
# type: sq_string
# elements: 1
# length: 2
12




