# Created by Octave 5.2.0, Sun Apr 12 16:35:16 2026 GMT <unknown@JulianLaptop2>
# name: TouchDetails
# type: scalar struct
# ndims: 2
 1 1
# length: 20
# name: piSourcefilename
# type: sq_string
# elements: 1
# length: 91
C:\Program Files (x86)\Ringing Software\hawkear_files\touches\redcliffe\20260412_touch2.wav


# name: piRingingdatetime
# type: sq_string
# elements: 1
# length: 13
20260412-1634


# name: piTower
# type: sq_string
# elements: 1
# length: 26
St Mary Redcliffe, Bristol


# name: piRingingname
# type: sq_string
# elements: 1
# length: 15
20260412 touch2


# name: piStdev
# type: scalar
26.105889452158646


# name: piStdevpercentStr
# type: sq_string
# elements: 1
# length: 4
11.8


# name: piStdevPct
# type: scalar
11.783292649056101


# name: piTouchlength
# type: scalar
252


# name: piPiecelength
# type: scalar
292


# name: piTouchDuration
# type: sq_string
# elements: 1
# length: 15
11 mins 35 secs


# name: piPieceDuration
# type: sq_string
# elements: 1
# length: 15
13 mins 27 secs


# name: piMethod
# type: sq_string
# elements: 1
# length: 15
Stedman Cinques


# name: piPealSpeed
# type: scalar struct
# ndims: 2
 1 1
# length: 2
# name: string
# type: sq_string
# elements: 1
# length: 13
3 hrs 52 mins


# name: numeric
# type: scalar
13904173.230428724




# name: piNBells
# type: scalar
12


# name: piRowsBadInPiece
# type: scalar
4


# name: piTouchFaults
# type: scalar struct
# ndims: 2
 1 1
# length: 2
# name: count
# type: scalar struct
# ndims: 2
 1 1
# length: 3
# name: hand
# type: scalar
61


# name: back
# type: scalar
41


# name: all
# type: scalar
102




# name: mean
# type: scalar struct
# ndims: 2
 1 1
# length: 3
# name: hand
# type: scalar
20.693155652473781


# name: back
# type: scalar
19.906479053509237


# name: all
# type: scalar
20.545270608885719






# name: piExpstring
# type: sq_string
# elements: 0


# name: piRungon
# type: string
# elements: 0


# name: piTenor
# type: sq_string
# elements: 1
# length: 2
12


# name: piNumBellsRinging
# type: sq_string
# elements: 1
# length: 2
12




