# Created by Octave 5.2.0, Sat Jun 06 10:58:30 2026 GMT <unknown@JulianLaptop2>
# name: TouchDetails
# type: scalar struct
# ndims: 2
 1 1
# length: 20
# name: piSourcefilename
# type: sq_string
# elements: 1
# length: 88
C:\Program Files (x86)\Ringing Software\hawkear_files\touches\exeter\20260605_touch2.wav


# name: piRingingdatetime
# type: sq_string
# elements: 1
# length: 13
20260606-1055


# name: piTower
# type: sq_string
# elements: 1
# length: 16
Exeter Cathedral


# name: piRingingname
# type: sq_string
# elements: 1
# length: 15
20260605 touch2


# name: piStdev
# type: scalar
40.335665662659139


# name: piStdevpercentStr
# type: sq_string
# elements: 1
# length: 4
16.5


# name: piStdevPct
# type: scalar
16.457460670273022


# name: piTouchlength
# type: scalar
252


# name: piPiecelength
# type: scalar
282


# name: piTouchDuration
# type: sq_string
# elements: 1
# length: 15
12 mins 48 secs


# name: piPieceDuration
# type: sq_string
# elements: 1
# length: 15
14 mins 19 secs


# name: piMethod
# type: sq_string
# elements: 1
# length: 15
Stedman Cinques


# name: piPealSpeed
# type: scalar struct
# ndims: 2
 1 1
# length: 2
# name: string
# type: sq_string
# elements: 1
# length: 13
4 hrs 16 mins


# name: numeric
# type: scalar
15355256.449654179




# name: piNBells
# type: scalar
12


# name: piRowsBadInPiece
# type: scalar
15


# name: piTouchFaults
# type: scalar struct
# ndims: 2
 1 1
# length: 2
# name: count
# type: scalar struct
# ndims: 2
 1 1
# length: 3
# name: hand
# type: scalar
261


# name: back
# type: scalar
128


# name: all
# type: scalar
389




# name: mean
# type: scalar struct
# ndims: 2
 1 1
# length: 3
# name: hand
# type: scalar
34.430594773486881


# name: back
# type: scalar
27.948866941481946


# name: all
# type: scalar
31.150710407372202






# name: piExpstring
# type: sq_string
# elements: 0


# name: piRungon
# type: string
# elements: 0


# name: piTenor
# type: sq_string
# elements: 1
# length: 2
12


# name: piNumBellsRinging
# type: sq_string
# elements: 1
# length: 2
12




