# Created by Octave 5.2.0, Fri May 01 09:21:40 2026 GMT <unknown@JulianLaptop2>
# name: TouchDetails
# type: scalar struct
# ndims: 2
 1 1
# length: 20
# name: piSourcefilename
# type: sq_string
# elements: 1
# length: 124
C:\Program Files (x86)\Ringing Software\hawkear_files\touches\redcliffe_tewkesbury_shield\Tewkesbury_practice_2026-04-30.wav


# name: piRingingdatetime
# type: sq_string
# elements: 1
# length: 13
20260501-0918


# name: piTower
# type: sq_string
# elements: 1
# length: 36
St Mary Redcliffe Front Ten, Bristol


# name: piRingingname
# type: sq_string
# elements: 1
# length: 34
Tewkesbury practice 2026 - 04 - 30


# name: piStdev
# type: scalar
25.096467023226314


# name: piStdevpercentStr
# type: sq_string
# elements: 1
# length: 4
10.8


# name: piStdevPct
# type: scalar
10.841557933971336


# name: piTouchlength
# type: scalar
365


# name: piPiecelength
# type: scalar
376


# name: piTouchDuration
# type: sq_string
# elements: 1
# length: 15
14 mins 42 secs


# name: piPieceDuration
# type: sq_string
# elements: 1
# length: 14
15 mins 9 secs


# name: piMethod
# type: sq_string
# elements: 1
# length: 14
Stedman Caters


# name: piPealSpeed
# type: scalar struct
# ndims: 2
 1 1
# length: 2
# name: string
# type: sq_string
# elements: 1
# length: 13
3 hrs 23 mins


# name: numeric
# type: scalar
12178026.436922057




# name: piNBells
# type: scalar
10


# name: piRowsBadInPiece
# type: scalar
5


# name: piTouchFaults
# type: scalar struct
# ndims: 2
 1 1
# length: 2
# name: count
# type: scalar struct
# ndims: 2
 1 1
# length: 3
# name: hand
# type: scalar
58


# name: back
# type: scalar
27


# name: all
# type: scalar
85




# name: mean
# type: scalar struct
# ndims: 2
 1 1
# length: 3
# name: hand
# type: scalar
20.775344937549235


# name: back
# type: scalar
18.230058755115092


# name: all
# type: scalar
19.553718916839063






# name: piExpstring
# type: sq_string
# elements: 0


# name: piRungon
# type: string
# elements: 0


# name: piTenor
# type: sq_string
# elements: 1
# length: 2
10


# name: piNumBellsRinging
# type: sq_string
# elements: 1
# length: 2
10




