# Created by Octave 5.2.0, Sun Jun 14 09:52:06 2026 GMT <unknown@JulianLaptop2>
# name: TouchDetails
# type: scalar struct
# ndims: 2
 1 1
# length: 20
# name: piSourcefilename
# type: sq_string
# elements: 1
# length: 91
C:\Program Files (x86)\Ringing Software\hawkear_files\touches\redcliffe\20260614_touch3.wav


# name: piRingingdatetime
# type: sq_string
# elements: 1
# length: 13
20260614-0924


# name: piTower
# type: sq_string
# elements: 1
# length: 26
St Mary Redcliffe, Bristol


# name: piRingingname
# type: sq_string
# elements: 1
# length: 15
20260614 touch3


# name: piStdev
# type: scalar
25.547227695097551


# name: piStdevpercentStr
# type: sq_string
# elements: 1
# length: 4
11.5


# name: piStdevPct
# type: scalar
11.520452607418546


# name: piTouchlength
# type: scalar
200


# name: piPiecelength
# type: scalar
228


# name: piTouchDuration
# type: sq_string
# elements: 1
# length: 14
9 mins 12 secs


# name: piPieceDuration
# type: sq_string
# elements: 1
# length: 15
10 mins 29 secs


# name: piMethod
# type: sq_string
# elements: 1
# length: 15
Stedman Cinques


# name: piPealSpeed
# type: scalar struct
# ndims: 2
 1 1
# length: 2
# name: string
# type: sq_string
# elements: 1
# length: 13
3 hrs 52 mins


# name: numeric
# type: scalar
13899683.769338155




# name: piNBells
# type: scalar
12


# name: piRowsBadInPiece
# type: scalar
3


# name: piTouchFaults
# type: scalar struct
# ndims: 2
 1 1
# length: 2
# name: count
# type: scalar struct
# ndims: 2
 1 1
# length: 3
# name: hand
# type: scalar
42


# name: back
# type: scalar
33


# name: all
# type: scalar
75




# name: mean
# type: scalar struct
# ndims: 2
 1 1
# length: 3
# name: hand
# type: scalar
20.312590933751149


# name: back
# type: scalar
18.911043601316194


# name: all
# type: scalar
19.665017045203204






# name: piExpstring
# type: sq_string
# elements: 0


# name: piRungon
# type: string
# elements: 0


# name: piTenor
# type: sq_string
# elements: 1
# length: 2
12


# name: piNumBellsRinging
# type: sq_string
# elements: 1
# length: 2
12




