# Created by Octave 5.2.0, Sat Jun 06 11:01:00 2026 GMT <unknown@JulianLaptop2>
# name: TouchDetails
# type: scalar struct
# ndims: 2
 1 1
# length: 20
# name: piSourcefilename
# type: sq_string
# elements: 1
# length: 88
C:\Program Files (x86)\Ringing Software\hawkear_files\touches\exeter\20260605_touch4.wav


# name: piRingingdatetime
# type: sq_string
# elements: 1
# length: 13
20260605-2053


# name: piTower
# type: sq_string
# elements: 1
# length: 16
Exeter Cathedral


# name: piRingingname
# type: sq_string
# elements: 1
# length: 15
20260605 touch4


# name: piStdev
# type: scalar
37.682258333933824


# name: piStdevpercentStr
# type: sq_string
# elements: 1
# length: 4
15.9


# name: piStdevPct
# type: scalar
15.863901861626184


# name: piTouchlength
# type: scalar
252


# name: piPiecelength
# type: scalar
282


# name: piTouchDuration
# type: sq_string
# elements: 1
# length: 15
12 mins 25 secs


# name: piPieceDuration
# type: sq_string
# elements: 1
# length: 15
13 mins 54 secs


# name: piMethod
# type: sq_string
# elements: 1
# length: 15
Stedman Cinques


# name: piPealSpeed
# type: scalar struct
# ndims: 2
 1 1
# length: 2
# name: string
# type: sq_string
# elements: 1
# length: 12
4 hrs 8 mins


# name: numeric
# type: scalar
14905899.827616857




# name: piNBells
# type: scalar
12


# name: piRowsBadInPiece
# type: scalar
9


# name: piTouchFaults
# type: scalar struct
# ndims: 2
 1 1
# length: 2
# name: count
# type: scalar struct
# ndims: 2
 1 1
# length: 3
# name: hand
# type: scalar
198


# name: back
# type: scalar
124


# name: all
# type: scalar
322




# name: mean
# type: scalar struct
# ndims: 2
 1 1
# length: 3
# name: hand
# type: scalar
31.298605202462195


# name: back
# type: scalar
27.342566810459186


# name: all
# type: scalar
29.385979366772325






# name: piExpstring
# type: sq_string
# elements: 0


# name: piRungon
# type: string
# elements: 0


# name: piTenor
# type: sq_string
# elements: 1
# length: 2
12


# name: piNumBellsRinging
# type: sq_string
# elements: 1
# length: 2
12




