# Created by Octave 5.2.0, Sun Apr 12 17:13:09 2026 GMT <unknown@JulianLaptop2>
# name: TouchDetails
# type: scalar struct
# ndims: 2
 1 1
# length: 20
# name: piSourcefilename
# type: sq_string
# elements: 1
# length: 91
C:\Program Files (x86)\Ringing Software\hawkear_files\touches\redcliffe\20260412_touch4.wav


# name: piRingingdatetime
# type: sq_string
# elements: 1
# length: 13
20260412-1712


# name: piTower
# type: sq_string
# elements: 1
# length: 26
St Mary Redcliffe, Bristol


# name: piRingingname
# type: sq_string
# elements: 1
# length: 15
20260412 touch4


# name: piStdev
# type: scalar
30.974891288391159


# name: piStdevpercentStr
# type: sq_string
# elements: 1
# length: 4
13.9


# name: piStdevPct
# type: scalar
13.879526546612116


# name: piTouchlength
# type: scalar
252


# name: piPiecelength
# type: scalar
292


# name: piTouchDuration
# type: sq_string
# elements: 1
# length: 15
11 mins 40 secs


# name: piPieceDuration
# type: sq_string
# elements: 1
# length: 15
13 mins 32 secs


# name: piMethod
# type: sq_string
# elements: 1
# length: 15
Stedman Cinques


# name: piPealSpeed
# type: scalar struct
# ndims: 2
 1 1
# length: 2
# name: string
# type: sq_string
# elements: 1
# length: 13
3 hrs 53 mins


# name: numeric
# type: scalar
13998941.602264734




# name: piNBells
# type: scalar
12


# name: piRowsBadInPiece
# type: scalar
2


# name: piTouchFaults
# type: scalar struct
# ndims: 2
 1 1
# length: 2
# name: count
# type: scalar struct
# ndims: 2
 1 1
# length: 3
# name: hand
# type: scalar
94


# name: back
# type: scalar
115


# name: all
# type: scalar
209




# name: mean
# type: scalar struct
# ndims: 2
 1 1
# length: 3
# name: hand
# type: scalar
23.843804572014523


# name: back
# type: scalar
24.634098580255397


# name: all
# type: scalar
24.10187143464735






# name: piExpstring
# type: sq_string
# elements: 0


# name: piRungon
# type: string
# elements: 0


# name: piTenor
# type: sq_string
# elements: 1
# length: 2
12


# name: piNumBellsRinging
# type: sq_string
# elements: 1
# length: 2
12




